1e-11 0
1 0
1.01 3.7816e-30
1.02 4.1438e-30
1.03 4.5425e-30
1.04 4.9811e-30
1.05 5.4641e-30
1.06 5.996e-30
1.07 6.5824e-30
1.08 7.2289e-30
1.09 7.9423e-30
1.1 8.7301e-30
1.11 9.6006e-30
1.12 1.0563e-29
1.13 1.1628e-29
1.14 1.2808e-29
1.15 1.4116e-29
1.16 1.5566e-29
1.17 1.7178e-29
1.18 1.897e-29
1.19 2.0965e-29
1.2 2.319e-29
1.21 2.5176e-29
1.22 2.7359e-29
1.23 2.9764e-29
1.24 3.2418e-29
1.25 3.5353e-29
1.26 3.861e-29
1.27 4.2234e-29
1.28 4.628e-29
1.29 5.0813e-29
1.3 5.5914e-29
1.31 6.1682e-29
1.32 6.8239e-29
1.33 7.5742e-29
1.34 8.4386e-29
1.35 9.4429e-29
1.36 1.0621e-28
1.37 1.2018e-28
1.38 1.3698e-28
1.39 1.5748e-28
1.4 1.8295e-28
1.41 2.1246e-28
1.42 2.5073e-28
1.43 3.0203e-28
1.44 3.7357e-28
1.45 4.786e-28
1.46 6.4331e-28
1.47 9.2609e-28
1.48 1.4794e-27
1.49 2.8118e-27
1.5 7.5402e-27
1.51 5.2679e-26
1.52 5.3993e-26
1.53 8.8426e-27
1.54 4.1821e-27
1.55 3.5723e-27
1.56 5.9772e-27
1.57 3.4582e-26
1.58 3.5138e-26
1.59 5.9737e-27
1.6 2.7068e-27
1.61 1.7245e-27
1.62 1.3055e-27
1.63 1.0923e-27
1.64 9.7463e-28
1.65 9.0876e-28
1.66 8.7461e-28
1.67 8.6186e-28
1.68 8.6485e-28
1.69 8.8033e-28
1.7 9.0643e-28
1.71 9.4217e-28
1.72 9.8708e-28
1.73 1.0412e-27
1.74 1.1047e-27
1.75 1.1783e-27
1.76 1.2629e-27
1.77 1.3594e-27
1.78 1.4694e-27
1.79 1.5946e-27
1.8 1.7372e-27
1.81 1.8863e-27
1.82 2.0561e-27
1.83 2.2499e-27
1.84 2.472e-27
1.85 2.7276e-27
1.86 3.0229e-27
1.87 3.3659e-27
1.88 3.7667e-27
1.89 4.2378e-27
1.9 4.7956e-27
1.91 5.4612e-27
1.92 6.2622e-27
1.93 7.2353e-27
1.94 8.4299e-27
1.95 9.9132e-27
1.96 1.1778e-26
1.97 1.4155e-26
1.98 1.723e-26
1.99 2.1265e-26
2 2.6648e-26
2.01 3.3787e-26
2.02 4.3528e-26
2.03 5.6796e-26
2.04 7.438e-26
2.05 9.5854e-26
2.06 1.1745e-25
2.07 1.3108e-25
2.08 1.296e-25
2.09 1.1482e-25
2.1 9.487e-26
2.11 7.6104e-26
2.12 6.0852e-26
2.13 4.9152e-26
2.14 4.0328e-26
2.15 3.3661e-26
2.16 2.8573e-26
2.17 2.4642e-26
2.18 2.1563e-26
2.19 1.9122e-26
2.2 1.7166e-26
2.21 1.5524e-26
2.22 1.4184e-26
2.23 1.3081e-26
2.24 1.2172e-26
2.25 1.1419e-26
2.26 1.0797e-26
2.27 1.0285e-26
2.28 9.8674e-27
2.29 9.5322e-27
2.3 9.2699e-27
2.31 9.0734e-27
2.32 8.9377e-27
2.33 8.8594e-27
2.34 8.8362e-27
2.35 8.8678e-27
2.36 8.9545e-27
2.37 9.0984e-27
2.38 9.303e-27
2.39 9.5731e-27
2.4 9.9156e-27
2.41 1.0307e-26
2.42 1.0788e-26
2.43 1.1374e-26
2.44 1.2083e-26
2.45 1.294e-26
2.46 1.3975e-26
2.47 1.5229e-26
2.48 1.6756e-26
2.49 1.8625e-26
2.5 2.093e-26
2.51 2.3797e-26
2.52 2.7395e-26
2.53 3.1944e-26
2.54 3.7735e-26
2.55 4.513e-26
2.56 5.4521e-26
2.57 6.6209e-26
2.58 8.0081e-26
2.59 9.5032e-26
2.6 1.0838e-25
2.61 1.1628e-25
2.62 1.1589e-25
2.63 1.0766e-25
2.64 9.4885e-26
2.65 8.1149e-26
2.66 6.8633e-26
2.67 5.8145e-26
2.68 4.9712e-26
2.69 4.3057e-26
2.7 3.7843e-26
2.71 3.3766e-26
2.72 3.0578e-26
2.73 2.8093e-26
2.74 2.6167e-26
2.75 2.4695e-26
2.76 2.3598e-26
2.77 2.2819e-26
2.78 2.2319e-26
2.79 2.207e-26
2.8 2.2057e-26
2.81 2.2229e-26
2.82 2.263e-26
2.83 2.3268e-26
2.84 2.4162e-26
2.85 2.5336e-26
2.86 2.6825e-26
2.87 2.8674e-26
2.88 3.0934e-26
2.89 3.3662e-26
2.9 3.6918e-26
2.91 4.0745e-26
2.92 4.5148e-26
2.93 5.0057e-26
2.93827 5.43739e-26
2.94 5.52776e-26
2.95 5.54043e-26
2.96 5.9598e-26
2.97 6.26785e-26
2.98 5.83412e-26
2.99 5.80835e-26
3 5.6374e-26
3.01 5.3642e-26
3.02 5.0344e-26
3.03 4.6921e-26
3.04 4.3687e-26
3.05 4.0828e-26
3.06 3.843e-26
3.07 3.6522e-26
3.08 3.5101e-26
3.09 3.4155e-26
3.1 3.3675e-26
3.11 3.3668e-26
3.12 3.4154e-26
3.13 3.5182e-26
3.14 3.6827e-26
3.15 3.9199e-26
3.16 4.2431e-26
3.17 4.6656e-26
3.18 5.1922e-26
3.19 5.8012e-26
3.2 6.4191e-26
3.21 6.9091e-26
3.22 7.1209e-26
3.23 6.9985e-26
3.24 6.629e-26
3.25 6.1658e-26
3.26 5.7304e-26
3.27 5.3816e-26
3.28 5.1343e-26
3.29 4.9819e-26
3.3 4.9118e-26
3.31 4.9114e-26
3.32 4.9704e-26
3.33 5.0807e-26
3.34 5.2361e-26
3.35 5.4319e-26
3.36 5.664e-26
3.37 5.929e-26
3.38 6.2229e-26
3.39 6.5411e-26
3.4 6.8783e-26
3.41 7.2276e-26
3.42 7.5808e-26
3.43 7.9285e-26
3.44 8.2598e-26
3.45 8.5639e-26
3.46 8.8303e-26
3.47 9.0502e-26
3.48 9.2171e-26
3.49 9.3283e-26
3.5 9.3846e-26
3.51 9.3967e-26
3.52 9.3648e-26
3.53 9.2988e-26
3.54 9.2099e-26
3.55 9.1107e-26
3.56 9.0144e-26
3.57 8.9349e-26
3.58 8.8862e-26
3.59 8.8839e-26
3.6 8.9454e-26
3.61 9.0928e-26
3.62 9.3542e-26
3.63 9.7684e-26
3.64 1.0387e-25
3.65 1.1279e-25
3.66 1.2519e-25
3.67 1.414e-25
3.68 1.6014e-25
3.69 1.7669e-25
3.7 1.8368e-25
3.71 1.7737e-25
3.72 1.622e-25
3.73 1.4542e-25
3.74 1.3129e-25
3.75 1.2092e-25
3.76 1.1392e-25
3.77 1.0963e-25
3.78 1.0743e-25
3.79 1.0686e-25
3.8 1.0757e-25
3.81 1.0934e-25
3.82 1.1199e-25
3.83 1.1538e-25
3.84 1.1941e-25
3.85 1.2398e-25
3.86 1.2897e-25
3.87 1.3427e-25
3.88 1.3973e-25
3.89 1.452e-25
3.9 1.5049e-25
3.91 1.5543e-25
3.92 1.598e-25
3.93 1.6341e-25
3.94 1.6612e-25
3.95 1.6781e-25
3.96 1.6843e-25
3.97 1.6799e-25
3.98 1.6655e-25
3.99 1.6426e-25
4 1.6126e-25
4.01 1.57685e-25
4.02 1.53774e-25
4.03 1.49726e-25
4.04 1.45743e-25
4.05 1.41956e-25
4.06 1.38558e-25
4.07 1.35663e-25
4.08 1.33407e-25
4.09 1.31946e-25
4.1 1.31458e-25
4.11 1.32134e-25
4.12 1.34205e-25
4.13 1.37988e-25
4.14 1.43843e-25
4.15 1.52123e-25
4.16 1.62998e-25
4.17 1.7608e-25
4.18 1.89796e-25
4.19 2.01231e-25
4.2 2.06997e-25
4.21 2.05871e-25
4.22 1.99836e-25
4.23 1.92583e-25
4.24 1.87159e-25
4.25 1.85246e-25
4.26 1.87427e-25
4.27 1.93642e-25
4.28 2.03292e-25
4.29 2.1502e-25
4.3 2.26478e-25
4.31 2.34521e-25
4.32 2.36236e-25
4.33 2.30563e-25
4.34 2.18787e-25
4.35 2.03704e-25
4.36 1.87987e-25
4.37 1.73463e-25
4.38 1.60943e-25
4.39 1.50603e-25
4.4 1.42315e-25
4.41 1.3583e-25
4.42 1.30854e-25
4.43 1.27136e-25
4.44 1.24454e-25
4.45 1.22628e-25
4.46 1.2152e-25
4.47 1.21035e-25
4.48 1.21046e-25
4.49 1.2151e-25
4.5 1.22354e-25
4.51 1.23413e-25
4.52 1.24756e-25
4.53 1.26361e-25
4.54 1.28176e-25
4.55 1.30178e-25
4.56 1.32346e-25
4.57 1.34648e-25
4.58 1.37061e-25
4.59 1.39543e-25
4.6 1.42081e-25
4.61 1.44652e-25
4.62 1.47214e-25
4.63 1.49763e-25
4.64 1.52246e-25
4.65 1.54659e-25
4.66 1.56989e-25
4.67 1.59171e-25
4.68 1.61234e-25
4.69 1.63133e-25
4.7 1.64846e-25
4.71 1.66401e-25
4.72 1.67746e-25
4.73 1.68929e-25
4.74 1.69921e-25
4.75 1.70752e-25
4.76 1.71424e-25
4.77 1.71992e-25
4.78 1.72458e-25
4.79 1.72889e-25
4.8 1.73334e-25
4.81 1.73854e-25
4.82 1.7452e-25
4.83 1.75441e-25
4.84 1.76741e-25
4.85 1.78576e-25
4.86 1.81167e-25
4.87 1.84762e-25
4.88 1.89651e-25
4.89 1.9624e-25
4.9 2.04885e-25
4.91 2.15747e-25
4.92 2.28402e-25
4.93 2.41228e-25
4.94 2.5109e-25
4.95 2.54388e-25
4.96 2.49571e-25
4.97 2.38507e-25
4.98 2.24874e-25
4.99 2.11675e-25
5 1.60368e-25
5.01 1.54085e-25
5.02 1.49536e-25
5.03 1.46505e-25
5.04 1.44754e-25
5.05 1.44093e-25
5.06 1.44339e-25
5.07 1.45361e-25
5.08 1.47035e-25
5.09 1.49233e-25
5.1 1.51752e-25
5.11 1.54432e-25
5.12 1.57021e-25
5.13 1.59259e-25
5.14 1.6095e-25
5.15 1.61915e-25
5.16 1.62101e-25
5.1677 1.61661e-25
5.17 1.6153e-25
5.18 1.60357e-25
5.19 1.58748e-25
5.2 1.56924e-25
5.21 1.55016e-25
5.22 1.53197e-25
5.23 1.51542e-25
5.24 1.50109e-25
5.25 1.4894e-25
5.26 1.48013e-25
5.27 1.47334e-25
5.28 1.46889e-25
5.29 1.46697e-25
5.3 1.46757e-25
5.31 1.47124e-25
5.32 1.47927e-25
5.33 1.49617e-25
5.34 1.53525e-25
5.35 1.64577e-25
5.36 1.90035e-25
5.37 1.74471e-25
5.38 1.57809e-25
5.39 1.52551e-25
5.4 1.5069e-25
5.41 1.50017e-25
5.42 1.4986e-25
5.43 1.49975e-25
5.44 1.50274e-25
5.45 1.50721e-25
5.46 1.51303e-25
5.47 1.52053e-25
5.48 1.52979e-25
5.49 1.54117e-25
5.5 1.55529e-25
5.51 1.57213e-25
5.52 1.59276e-25
5.53 1.61761e-25
5.54 1.6472e-25
5.55 1.68223e-25
5.56 1.72262e-25
5.57 1.76848e-25
5.58 1.81882e-25
5.59 1.87167e-25
5.6 1.92376e-25
5.61 1.97038e-25
5.62 2.00606e-25
5.63 2.02529e-25
5.64 2.02382e-25
5.65 1.99997e-25
5.66 1.9561e-25
5.67 1.89567e-25
5.68 1.8246e-25
5.69 1.74838e-25
5.7 1.67143e-25
5.71 1.59696e-25
5.72 1.52672e-25
5.73 1.46216e-25
5.74 1.40311e-25
5.75 1.34988e-25
5.76 1.30209e-25
5.77 1.2591e-25
5.78 1.22056e-25
5.79 1.18619e-25
5.8 1.15539e-25
5.81 1.12779e-25
5.82 1.1033e-25
5.83 1.0814e-25
5.84 1.06199e-25
5.85 1.045e-25
5.86 1.03011e-25
5.87 1.01729e-25
5.88 1.00659e-25
5.89 9.97813e-26
5.9 9.90997e-26
5.91 9.8618e-26
5.92 9.83336e-26
5.93 9.82593e-26
5.94 9.83979e-26
5.95 9.8765e-26
5.96 9.93685e-26
5.97 1.0023e-25
5.98 1.0136e-25
5.99 1.0279e-25
6 1.0453e-25
6.05 1.1854e-25
6.1 1.4193e-25
6.15 1.6334e-25
6.2 1.5819e-25
6.25 1.3064e-25
6.3 1.03909e-25
6.35 8.5282e-26
6.4 7.31805e-26
6.45 6.53283e-26
6.48627 6.16495e-26
6.5 6.02569e-26
6.55 5.70697e-26
6.6 5.55455e-26
6.65 5.5721e-26
6.7 5.81179e-26
6.74671 6.38382e-26
6.75 6.42411e-26
6.8 7.71132e-26
6.85 1.0028e-25
6.9 1.1911e-25
6.95 1.06739e-25
7 9.01073e-26
7.05 8.34207e-26
7.1 8.51944e-26
7.15 9.2698e-26
7.2 1.037e-25
7.25 1.14511e-25
7.3 1.2003e-25
7.35 1.1786e-25
7.4 1.11321e-25
7.45 1.059e-25
7.5 1.05619e-25
7.54303 1.12169e-25
7.55 1.1323e-25
7.6 1.2904e-25
7.65 1.4855e-25
7.7 1.5771e-25
7.75 1.4631e-25
7.8 1.2452e-25
7.85 1.0567e-25
7.9 9.39625e-26
7.95 8.89275e-26
8 8.923e-26
8.05 9.30854e-26
8.1 9.75538e-26
8.15 9.85349e-26
8.2 9.383e-26
8.25 8.52961e-26
8.3 7.63276e-26
8.35 6.898e-26
8.4 6.38359e-26
8.45 6.08015e-26
8.5 5.96604e-26
8.55 6.02385e-26
8.6 6.25384e-26
8.65 6.66012e-26
8.7 7.24307e-26
8.75 7.97716e-26
8.8 8.77569e-26
8.85 9.47499e-26
8.9 9.89184e-26
8.95 9.95664e-26
9 9.78045e-26
9.05 9.55127e-26
9.1 9.43994e-26
9.15 9.50555e-26
9.2 9.69729e-26
9.25 9.86573e-26
9.3 9.83081e-26
9.35 9.50322e-26
9.4 8.95308e-26
9.45 8.3319e-26
9.5 7.77086e-26
9.55 7.33049e-26
9.6 7.04175e-26
9.65 6.9084e-26
9.7 6.92783e-26
9.75 7.09853e-26
9.8 7.41439e-26
9.85 7.84874e-26
9.9 8.33006e-26
9.95 8.72941e-26
10 8.901e-26
10.05 8.76563e-26
10.08 8.54916e-26
10.1 8.40485e-26
10.15 7.95217e-26
10.2 7.51702e-26
10.25 7.15479e-26
10.3 6.87984e-26
10.35 6.68684e-26
10.4 6.5637e-26
10.45 6.49766e-26
10.5 6.47845e-26
10.55 6.48802e-26
10.6 6.52866e-26
10.65 6.59567e-26
10.7 6.68459e-26
10.75 6.79225e-26
10.8 6.91607e-26
10.85 7.05382e-26
10.9 7.20408e-26
10.95 7.36511e-26
11 7.53511e-26
11.05 7.69974e-26
11.1 7.87082e-26
11.15 8.04752e-26
11.2 8.2283e-26
11.25 8.41268e-26
11.3 8.59965e-26
11.35 8.78829e-26
11.4 8.97721e-26
11.45 9.16668e-26
11.5 9.35494e-26
11.55 9.52901e-26
11.6 9.70002e-26
11.65 9.86791e-26
11.7 1.00327e-25
11.75 1.01936e-25
11.8 1.03505e-25
11.85 1.05042e-25
11.9 1.06538e-25
11.95 1.07997e-25
12 1.09436e-25
12.05 1.10773e-25
12.1 1.12087e-25
12.15 1.13382e-25
12.2 1.14676e-25
12.25 1.15954e-25
12.3 1.17233e-25
12.35 1.18519e-25
12.4 1.19824e-25
12.45 1.21159e-25
12.5 1.22528e-25
12.55 1.23724e-25
12.6 1.24969e-25
12.65 1.26244e-25
12.7 1.27572e-25
12.75 1.28952e-25
12.8 1.30386e-25
12.85 1.31866e-25
12.9 1.33411e-25
12.95 1.35016e-25
13 1.36669e-25
13.05 1.38249e-25
13.1 1.39888e-25
13.15 1.41561e-25
13.2 1.43279e-25
13.25 1.45054e-25
13.3 1.46858e-25
13.35 1.48679e-25
13.4 1.50532e-25
13.45 1.52402e-25
13.5 1.54276e-25
13.55 1.5589e-25
13.6 1.57487e-25
13.65 1.59069e-25
13.7 1.60606e-25
13.75 1.62097e-25
13.8 1.6354e-25
13.85 1.64934e-25
13.9 1.66265e-25
13.95 1.67519e-25
14 1.68709e-25
14.05 1.69544e-25
14.1 1.70291e-25
14.15 1.70952e-25
14.1745 1.71219e-25
14.2 1.71496e-25
14.25 1.71975e-25
14.3 1.72363e-25
14.35 1.72668e-25
14.4 1.7289e-25
14.45 1.73027e-25
14.5 1.73093e-25
14.55 1.7272e-25
14.6 1.72292e-25
14.65 1.71788e-25
14.7 1.7122e-25
14.75 1.70613e-25
14.8 1.69936e-25
14.85 1.69242e-25
14.9 1.68524e-25
14.95 1.67763e-25
15 1.66986e-25
