9.25233 0
9.26 2.68e-28
9.28 4.96e-28
9.3 6.282e-28
9.32 7.959e-28
9.34 1.008e-27
9.36 1.278e-27
9.38 1.453e-27
9.4 1.564e-27
9.42 1.685e-27
9.44 1.816e-27
9.46 1.957e-27
9.48 2.109e-27
9.5 2.22e-27
9.52 2.334e-27
9.54 2.455e-27
9.56 2.583e-27
9.58 2.719e-27
9.6 2.855e-27
9.62 2.976e-27
9.64 3.103e-27
9.66 3.236e-27
9.68 3.376e-27
9.7 3.524e-27
9.72 3.669e-27
9.74 3.811e-27
9.76 3.96e-27
9.78 4.118e-27
9.8 4.283e-27
9.82 4.458e-27
9.84 4.63e-27
9.86 4.807e-27
9.88 4.995e-27
9.9 5.194e-27
9.92 5.404e-27
9.94 5.626e-27
9.96 5.85e-27
9.98 6.087e-27
10 6.341e-27
10.02 6.611e-27
10.04 6.901e-27
10.06 7.207e-27
10.08 7.528e-27
10.1 7.873e-27
10.12 8.245e-27
10.14 8.647e-27
10.16 9.083e-27
10.18 9.547e-27
10.2 1.005e-26
10.22 1.059e-26
10.24 1.118e-26
10.26 1.183e-26
10.28 1.254e-26
10.3 1.33e-26
10.32 1.413e-26
10.34 1.503e-26
10.36 1.601e-26
10.38 1.708e-26
10.4 1.821e-26
10.42 1.938e-26
10.44 2.061e-26
10.46 2.188e-26
10.48 2.315e-26
10.5 2.441e-26
10.52 2.559e-26
10.54 2.665e-26
10.56 2.754e-26
10.58 2.821e-26
10.6 2.864e-26
10.62 2.879e-26
10.64 2.869e-26
10.66 2.835e-26
10.68 2.781e-26
10.7 2.712e-26
10.72 2.633e-26
10.74 2.547e-26
10.76 2.46e-26
10.78 2.373e-26
10.8 2.29e-26
10.82 2.212e-26
10.84 2.14e-26
10.86 2.074e-26
10.88 2.015e-26
10.9 1.963e-26
10.92 1.916e-26
10.94 1.876e-26
10.96 1.841e-26
10.98 1.809e-26
11 1.78e-26
11.02 1.757e-26
11.04 1.737e-26
11.06 1.721e-26
11.08 1.708e-26
11.1 1.699e-26
11.12 1.693e-26
11.14 1.689e-26
11.16 1.688e-26
11.18 1.689e-26
11.2 1.692e-26
11.22 1.697e-26
11.24 1.705e-26
11.26 1.713e-26
11.28 1.724e-26
11.3 1.736e-26
11.32 1.749e-26
11.34 1.764e-26
11.36 1.78e-26
11.38 1.798e-26
11.4 1.816e-26
11.42 1.836e-26
11.44 1.857e-26
11.46 1.879e-26
11.48 1.902e-26
11.5 1.926e-26
11.52 1.951e-26
11.54 1.977e-26
11.56 2.002e-26
11.58 2.028e-26
11.6 2.054e-26
11.62 2.082e-26
11.64 2.11e-26
11.66 2.139e-26
11.68 2.168e-26
11.7 2.199e-26
11.72 2.23e-26
11.74 2.262e-26
11.76 2.295e-26
11.78 2.328e-26
11.8 2.363e-26
11.82 2.397e-26
11.84 2.433e-26
11.86 2.469e-26
11.88 2.506e-26
11.9 2.543e-26
11.92 2.582e-26
11.94 2.62e-26
11.96 2.66e-26
11.98 2.699e-26
12 2.74e-26
12.25 2.854e-26
12.5 2.9927e-26
13 2.8903e-26
13.5 3.4708e-26
14 3.8123e-26
14.5 3.9708e-26
15 4.0928e-26
