4.3809 0
4.42 6.6151e-27
4.48 7.5895e-27
4.54 8.8385e-27
4.6 1.038e-26
4.66 1.1917e-26
4.72 1.2838e-26
4.78 1.3162e-26
4.84 1.3618e-26
4.9 1.4711e-26
4.96 1.6649e-26
5.02 1.9523e-26
5.08 2.3192e-26
5.14 2.6781e-26
5.2 2.8497e-26
5.26 2.7605e-26
5.32 2.5538e-26
5.38 2.3839e-26
5.44 2.3042e-26
5.5 2.3133e-26
5.50851 2.32431e-26
5.56 2.39127e-26
5.62 2.5376e-26
5.68 2.75417e-26
5.74 3.04951e-26
5.8 3.44203e-26
5.86 3.96272e-26
5.92 4.65859e-26
5.98 5.5921e-26
6.04 6.8062e-26
6.1 8.2485e-26
6.16 9.5756e-26
6.22 1.0242e-25
6.28 1.0203e-25
6.34 1.002e-25
6.4 1.016e-25
6.46 1.0776e-25
6.52 1.1872e-25
6.58 1.342e-25
6.64 1.5403e-25
6.7 1.77232e-25
6.76 2.01767e-25
6.82 2.24472e-25
6.88 2.42147e-25
6.94 2.5343e-25
7 2.59437e-25
7.06 2.62437e-25
7.11356 2.64387e-25
7.12 2.64622e-25
7.18 2.66743e-25
7.24 2.68339e-25
7.3 2.67741e-25
7.36 2.62337e-25
7.42 2.5004e-25
7.48 2.3145e-25
7.54 2.09932e-25
7.6 1.89279e-25
7.66 1.71887e-25
7.72 1.58633e-25
7.76375 1.5193e-25
7.78 1.4944e-25
7.84 1.4388e-25
7.9 1.4138e-25
7.96 1.4128e-25
8.02 1.42829e-25
8.08 1.45189e-25
8.14 1.4759e-25
8.2 1.491e-25
8.26 1.49e-25
8.32 1.4697e-25
8.38 1.4314e-25
8.44 1.3808e-25
8.5 1.3252e-25
8.56 1.2716e-25
8.62 1.2258e-25
8.68 1.1914e-25
8.74 1.1703e-25
8.8 1.1627e-25
8.86 1.1673e-25
8.92 1.1811e-25
8.98 1.1995e-25
9.04 1.2164e-25
9.1 1.22571e-25
9.16 1.22221e-25
9.22 1.2033e-25
9.28 1.1698e-25
9.34 1.12561e-25
9.4 1.0768e-25
9.46 1.02949e-25
9.52 9.89074e-26
9.58 9.59615e-26
9.64 9.44401e-26
9.7 9.45978e-26
9.76 9.66325e-26
9.82 1.00659e-25
9.88 1.06599e-25
9.94 1.1396e-25
10 1.216e-25
10.0143 1.23046e-25
10.06 1.28091e-25
10.12 1.31146e-25
10.18 1.29372e-25
10.24 1.2105e-25
10.3 1.11489e-25
10.36 1.0113e-25
10.42 9.13826e-26
10.48 8.29809e-26
10.54 7.61633e-26
10.6 7.09082e-26
10.66 6.70993e-26
10.72 6.46072e-26
10.78 6.33247e-26
10.84 6.3175e-26
10.9 6.40945e-26
10.96 6.60107e-26
11.02 6.87632e-26
11.08 7.20632e-26
11.14 7.54783e-26
11.2 7.83271e-26
11.26 7.98673e-26
11.32 7.95804e-26
11.38 7.74337e-26
11.386 7.70802e-26
11.44 7.38992e-26
11.5 6.96991e-26
11.56 6.55013e-26
11.62 6.17725e-26
11.68 5.87565e-26
11.74 5.65479e-26
11.8 5.51497e-26
11.86 5.45268e-26
11.8784 5.45582e-26
11.92 5.47956e-26
11.98 5.58123e-26
12.04 5.69627e-26
12.1 5.9155e-26
12.16 6.18169e-26
12.22 6.48302e-26
12.28 6.80289e-26
12.34 7.11916e-26
12.4 7.40527e-26
12.46 7.63171e-26
12.52 7.77203e-26
12.58 7.80686e-26
12.64 7.73001e-26
12.7 7.54862e-26
12.76 7.28203e-26
12.82 6.95607e-26
12.88 6.59792e-26
12.94 6.23153e-26
13 5.87573e-26
13.06 5.69102e-26
13.12 5.53782e-26
13.18 5.42071e-26
13.24 5.34229e-26
13.3 5.30347e-26
13.36 5.30514e-26
13.42 5.3486e-26
13.48 5.4362e-26
13.54 5.57244e-26
13.6 5.76326e-26
13.66 6.01535e-26
13.72 6.32876e-26
13.78 6.68198e-26
13.84 7.01329e-26
13.9 7.23282e-26
13.96 7.29782e-26
14.02 7.26515e-26
14.08 7.22749e-26
14.14 7.23297e-26
14.2 7.29899e-26
14.26 7.42446e-26
14.32 7.60369e-26
14.38 7.83314e-26
14.44 8.11376e-26
14.5 8.45344e-26
14.56 8.86863e-26
14.62 9.383e-26
14.68 9.99079e-26
14.74 1.05499e-25
14.8 1.08699e-25
14.86 1.10841e-25
14.92 1.14121e-25
14.98 1.20509e-25
15 1.27959e-25
