0.851698 0
1.28075 1.88046e-28
2.21 9.0589e-28
2.22 9.793e-28
2.23 1.0596e-27
2.24 1.1476e-27
2.25 1.2444e-27
2.26 1.3509e-27
2.27 1.4688e-27
2.28 1.59958e-27
2.29 1.74531e-27
2.3 1.9084e-27
2.31 2.09202e-27
2.32 2.29992e-27
2.33 2.53691e-27
2.34 2.8099e-27
2.35 3.1273e-27
2.36 3.5011e-27
2.37 3.9482e-27
2.38 4.4935e-27
2.39 5.1755e-27
2.4 6.0576e-27
2.41 7.2513e-27
2.42 8.9737e-27
2.43 1.1709e-26
2.44 1.67617e-26
2.45 2.8856e-26
2.46 7.4925e-26
2.47 1.70099e-25
2.48 3.1243e-26
2.49 1.4947e-26
2.5 1.4083e-26
2.51 1.7734e-26
2.52 2.57805e-26
2.53 4.2694e-26
2.54 8.4631e-26
2.55 2.52449e-25
2.56 2.25883e-25
2.57 7.9755e-26
2.58 3.0765e-26
2.59 1.4962e-26
2.6 8.8455e-27
2.61 6.3112e-27
2.62 5.4239e-27
2.63 5.4822e-27
2.64 6.2501e-27
2.65 7.7396e-27
2.66 1.0199e-26
2.67 1.4283e-26
2.68 2.17148e-26
2.69 3.8079e-26
2.7 9.0886e-26
2.71 2.673e-25
2.72 1.65662e-25
2.73 9.5247e-26
2.74 4.5203e-26
2.75 2.28842e-26
2.76 1.4126e-26
2.77 1.076e-26
2.78 9.863e-27
2.79 1.0388e-26
2.8 1.1991e-26
2.81 1.4664e-26
2.82 1.86391e-26
2.83 2.44169e-26
2.84 3.2868e-26
2.85 4.5401e-26
2.86 6.3971e-26
2.87 9.0013e-26
2.88 1.2021e-25
2.89 1.4301e-25
2.9 1.5636e-25
2.91 1.87581e-25
2.92 1.90776e-25
2.93 1.056e-25
2.94 5.8594e-26
2.95 3.8036e-26
2.96 2.763e-26
2.97 2.17422e-26
2.98 1.82171e-26
2.98597 1.69514e-26
2.99 1.6097e-26
3 1.4903e-26
3.01 1.43731e-26
3.02 1.43651e-26
3.03 1.48031e-26
3.04 1.56552e-26
3.05 1.69252e-26
3.06 1.86495e-26
3.07 2.08928e-26
3.08 2.37653e-26
3.09 2.74293e-26
3.1 3.21163e-26
3.11 3.81704e-26
3.12 4.60734e-26
3.13 5.64954e-26
3.14 7.02884e-26
3.15 8.83025e-26
3.16 1.1064e-25
3.17 1.3492e-25
3.18 1.5441e-25
3.19 1.6045e-25
3.2 1.5098e-25
3.21 1.331e-25
3.22 1.15149e-25
3.23 1.013e-25
3.24 9.24078e-26
3.25 8.80812e-26
3.26 8.77502e-26
3.27 9.10555e-26
3.28 9.78974e-26
3.29 1.0836e-25
3.3 1.2244e-25
3.31 1.39511e-25
3.32 1.57101e-25
3.33 1.69641e-25
3.34 1.6937e-25
3.35 1.5254e-25
3.36 1.2483e-25
3.37 9.63175e-26
3.38 7.33851e-26
3.39 5.74722e-26
3.4 4.77357e-26
3.41 4.33071e-26
3.42 4.63473e-26
3.43 6.48259e-26
3.44 5.51642e-26
3.45 5.46249e-26
3.46 6.06302e-26
3.47 7.08721e-26
3.48 8.57162e-26
3.49 1.0634e-25
3.5 1.3326e-25
3.51 1.61999e-25
3.52 1.81091e-25
3.53 1.9391e-25
3.54 2.27501e-25
3.55 2.69975e-25
3.56 2.57077e-25
3.57 2.25114e-25
3.58 2.27016e-25
3.59 2.79869e-25
3.6 3.47059e-25
3.61 3.08997e-25
3.62 2.51672e-25
3.63 2.23202e-25
3.64 2.10982e-25
3.65 2.0556e-25
3.66 2.02503e-25
3.67 1.9971e-25
3.68 1.96259e-25
3.69 1.9192e-25
3.7 1.8685e-25
3.71 1.81591e-25
3.72 1.7685e-25
3.73 1.7354e-25
3.74 1.7273e-25
3.75 1.7561e-25
3.76 1.8364e-25
3.77 1.9856e-25
3.78 2.22264e-25
3.79 2.56451e-25
3.8 3.01232e-25
3.81 3.52442e-25
3.82 3.98928e-25
3.83 4.24558e-25
3.84 4.19451e-25
3.85 3.89757e-25
3.86 3.52272e-25
3.87 3.22465e-25
3.88 3.08925e-25
3.89 3.13135e-25
3.9 3.28099e-25
3.91 3.37617e-25
3.92 3.25636e-25
3.93 2.90988e-25
3.94 2.45618e-25
3.95 2.0111e-25
3.96 1.629e-25
3.97 1.3211e-25
3.98 1.0807e-25
3.99 1.00299e-25
4 9.2475e-26
4.01 9.261e-26
4.02 9.3015e-26
4.03 9.3826e-26
4.04 9.315e-26
4.05 9.2341e-26
4.06 1.2487e-25
4.07 1.7713e-25
4.08 2.49546e-25
4.09 3.21565e-25
4.1 3.50156e-25
4.11 3.21739e-25
4.12 2.70327e-25
4.13 2.26375e-25
4.14 1.9895e-25
4.15 1.8693e-25
4.16 1.8642e-25
4.17 1.9321e-25
4.18 2.0461e-25
4.19 2.2139e-25
4.2 2.47982e-25
4.21 2.89718e-25
4.22 3.46979e-25
4.23 4.03525e-25
4.24 4.26757e-25
4.25 4.27855e-25
4.26 4.41744e-25
4.26091 4.39495e-25
4.26702 4.24438e-25
4.27 4.17118e-25
4.28 3.49969e-25
4.29 2.93024e-25
4.3 2.67064e-25
4.31 2.70112e-25
4.32 2.95733e-25
4.33 3.37111e-25
4.34 3.86695e-25
4.35 4.3572e-25
4.35625 4.60425e-25
4.36 4.75331e-25
4.37 4.98791e-25
4.38 5.03228e-25
4.39 4.90197e-25
4.4 4.64071e-25
4.41 4.27789e-25
4.42 3.90087e-25
4.43 3.52154e-25
4.44 3.16148e-25
4.45 2.83302e-25
4.46 2.54404e-25
4.47 2.29992e-25
4.48 1.98483e-25
4.49 1.70354e-25
4.5 1.37496e-25
4.51 1.69445e-25
4.52 2.16458e-25
4.53 2.73372e-25
4.54 4.19125e-25
4.55 4.79477e-25
4.56 4.16245e-25
4.57 4.07017e-25
4.58 4.31957e-25
4.59 4.45723e-25
4.6 4.44865e-25
4.61 4.32765e-25
4.62 4.41446e-25
4.63 4.36845e-25
4.64 4.39363e-25
4.65 4.29922e-25
4.66 4.08549e-25
4.67 3.80305e-25
4.68 3.50006e-25
4.69 3.20655e-25
4.7 2.94351e-25
4.71 2.7543e-25
4.72 2.80421e-25
4.73 2.6734e-25
4.74 2.3567e-25
4.75 2.17861e-25
4.76 2.08801e-25
4.77 2.0651e-25
4.78 2.0918e-25
4.79 2.1238e-25
4.8 2.10239e-25
4.81 2.12111e-25
4.82 2.35371e-25
4.83 2.35239e-25
4.84 2.23941e-25
4.85 2.62181e-25
4.86 3.86436e-25
4.87 4.52565e-25
4.88 3.95373e-25
4.89 3.19501e-25
4.9 2.70268e-25
4.91 2.69821e-25
4.92 3.28466e-25
4.93 3.85511e-25
4.94 3.84676e-25
4.95 3.51469e-25
4.96 3.13093e-25
4.97 2.77937e-25
4.98 2.46974e-25
4.99 2.19358e-25
5 1.94122e-25
5.01 1.7322e-25
5.02 1.5319e-25
5.03 1.3597e-25
5.04 1.2974e-25
5.05 1.61589e-25
5.06 2.87098e-25
5.07 4.61323e-25
5.08 5.01835e-25
5.09 4.55007e-25
5.1 4.04981e-25
5.11 3.78998e-25
5.12 4.03299e-25
5.13 4.51769e-25
5.14 4.22686e-25
5.15 3.76241e-25
5.2 3.70515e-25
5.4 4.27033e-25
5.6 4.65909e-25
5.8 4.92647e-25
6 5.11319e-25
6.2 5.24762e-25
6.4 5.34746e-25
6.6 5.42322e-25
6.8 5.48206e-25
7 5.52887e-25
7.2 5.56661e-25
7.4 5.59937e-25
7.6 5.63037e-25
7.8 5.6619e-25
8 5.69752e-25
8.2 5.71594e-25
8.4 5.73377e-25
8.6 5.751e-25
8.8 5.76806e-25
9 5.78481e-25
9.11633 5.80208e-25
9.2 5.8145e-25
9.4 5.84415e-25
9.6 5.87367e-25
9.8 5.90308e-25
9.83327 5.90796e-25
10 5.93239e-25
10.2 6.11262e-25
10.4 6.35336e-25
10.6 6.63021e-25
10.8 6.91846e-25
11 7.19361e-25
11.2 7.43635e-25
11.4 7.64879e-25
11.6 7.83901e-25
11.8 8.01407e-25
12 8.18191e-25
12.2 8.3486e-25
12.4 8.51396e-25
12.6 8.67575e-25
12.8 8.83231e-25
13 8.98114e-25
13.2 9.12149e-25
13.4 9.25348e-25
13.6 9.3779e-25
13.8 9.49606e-25
14 9.60871e-25
14.2 9.71671e-25
14.4 9.81979e-25
14.6 9.9178e-25
14.8 1.00101e-24
15 1.0097e-24
