1.73713 0
2.7 7.433e-31
2.702 7.501e-31
2.704 7.57e-31
2.706 7.64e-31
2.708 7.711e-31
2.71 7.782e-31
2.712 7.855e-31
2.714 7.929e-31
2.716 8.004e-31
2.718 8.08e-31
2.72 8.157e-31
2.722 8.235e-31
2.724 8.315e-31
2.726 8.395e-31
2.728 8.477e-31
2.73 8.56e-31
2.732 8.644e-31
2.734 8.73e-31
2.736 8.816e-31
2.738 8.904e-31
2.74 8.994e-31
2.742 9.085e-31
2.744 9.177e-31
2.746 9.27e-31
2.748 9.365e-31
2.75 9.462e-31
2.752 9.56e-31
2.754 9.66e-31
2.756 9.761e-31
2.758 9.864e-31
2.76 9.968e-31
2.762 1.007e-30
2.764 1.018e-30
2.766 1.029e-30
2.768 1.04e-30
2.77 1.051e-30
2.772 1.063e-30
2.774 1.074e-30
2.776 1.086e-30
2.778 1.098e-30
2.78 1.11e-30
2.782 1.122e-30
2.784 1.135e-30
2.786 1.148e-30
2.788 1.161e-30
2.79 1.174e-30
2.792 1.188e-30
2.794 1.201e-30
2.796 1.215e-30
2.798 1.23e-30
2.8 1.244e-30
2.802 1.259e-30
2.804 1.274e-30
2.806 1.289e-30
2.808 1.305e-30
2.81 1.321e-30
2.812 1.337e-30
2.814 1.353e-30
2.816 1.37e-30
2.818 1.387e-30
2.82 1.404e-30
2.822 1.422e-30
2.824 1.44e-30
2.826 1.459e-30
2.828 1.477e-30
2.83 1.497e-30
2.832 1.516e-30
2.834 1.536e-30
2.836 1.556e-30
2.838 1.577e-30
2.84 1.598e-30
2.842 1.62e-30
2.844 1.642e-30
2.846 1.664e-30
2.848 1.687e-30
2.85 1.71e-30
2.852 1.734e-30
2.854 1.758e-30
2.856 1.783e-30
2.858 1.809e-30
2.86 1.834e-30
2.862 1.861e-30
2.864 1.888e-30
2.866 1.915e-30
2.868 1.944e-30
2.87 1.972e-30
2.872 2.002e-30
2.874 2.032e-30
2.876 2.062e-30
2.878 2.093e-30
2.88 2.125e-30
2.882 2.157e-30
2.884 2.19e-30
2.886 2.224e-30
2.888 2.258e-30
2.89 2.294e-30
2.892 2.33e-30
2.894 2.367e-30
2.896 2.404e-30
2.898 2.443e-30
2.9 2.482e-30
2.902 2.522e-30
2.904 2.564e-30
2.906 2.606e-30
2.908 2.649e-30
2.91 2.693e-30
2.912 2.738e-30
2.914 2.784e-30
2.916 2.831e-30
2.918 2.88e-30
2.92 2.929e-30
2.922 2.979e-30
2.924 3.031e-30
2.926 3.084e-30
2.928 3.138e-30
2.93 3.193e-30
2.932 3.249e-30
2.934 3.307e-30
2.936 3.365e-30
2.938 3.426e-30
2.94 3.487e-30
2.942 3.55e-30
2.944 3.614e-30
2.946 3.679e-30
2.948 3.746e-30
2.95 3.814e-30
2.952 3.884e-30
2.954 3.955e-30
2.956 4.027e-30
2.958 4.101e-30
2.96 4.176e-30
2.962 4.252e-30
2.964 4.33e-30
2.966 4.409e-30
2.968 4.489e-30
2.97 4.57e-30
2.972 4.653e-30
2.974 4.737e-30
2.976 4.822e-30
2.978 4.908e-30
2.98 4.995e-30
2.982 5.083e-30
2.984 5.172e-30
2.986 5.262e-30
2.988 5.352e-30
2.99 5.443e-30
2.992 5.534e-30
2.994 5.625e-30
2.996 5.717e-30
2.998 5.809e-30
3 5.9e-30
3.002 5.991e-30
3.004 6.082e-30
3.006 6.172e-30
3.008 6.261e-30
3.01 6.349e-30
3.012 6.435e-30
3.014 6.52e-30
3.016 6.604e-30
3.018 6.685e-30
3.02 6.764e-30
3.022 6.841e-30
3.024 6.915e-30
3.026 6.986e-30
3.028 7.055e-30
3.03 7.119e-30
3.032 7.181e-30
3.034 7.238e-30
3.036 7.292e-30
3.038 7.342e-30
3.04 7.388e-30
3.042 7.429e-30
3.044 7.466e-30
3.046 7.499e-30
3.048 7.526e-30
3.05 7.55e-30
3.052 7.569e-30
3.054 7.583e-30
3.056 7.593e-30
3.058 7.598e-30
3.06 7.599e-30
3.062 7.595e-30
3.064 7.587e-30
3.066 7.575e-30
3.068 7.56e-30
3.07 7.54e-30
3.072 7.517e-30
3.074 7.491e-30
3.076 7.461e-30
3.078 7.429e-30
3.08 7.394e-30
3.082 7.356e-30
3.084 7.316e-30
3.086 7.274e-30
3.088 7.231e-30
3.09 7.186e-30
3.092 7.139e-30
3.094 7.092e-30
3.096 7.043e-30
3.098 6.994e-30
3.1 6.945e-30
3.102 6.895e-30
3.104 6.846e-30
3.106 6.796e-30
3.108 6.747e-30
3.11 6.698e-30
3.112 6.65e-30
3.114 6.602e-30
3.116 6.556e-30
3.118 6.51e-30
3.12 6.466e-30
3.122 6.423e-30
3.124 6.381e-30
3.126 6.34e-30
3.128 6.302e-30
3.13 6.264e-30
3.132 6.229e-30
3.134 6.195e-30
3.136 6.163e-30
3.138 6.133e-30
3.14 6.105e-30
3.142 6.078e-30
3.144 6.054e-30
3.146 6.032e-30
3.148 6.012e-30
3.15 5.994e-30
3.152 5.978e-30
3.154 5.964e-30
3.156 5.952e-30
3.158 5.943e-30
3.16 5.936e-30
3.162 5.931e-30
3.164 5.928e-30
3.166 5.928e-30
3.168 5.93e-30
3.17 5.934e-30
3.172 5.941e-30
3.174 5.95e-30
3.176 5.961e-30
3.178 5.975e-30
3.18 5.991e-30
3.182 6.009e-30
3.184 6.03e-30
3.186 6.053e-30
3.188 6.079e-30
3.19 6.108e-30
3.192 6.139e-30
3.194 6.172e-30
3.196 6.208e-30
3.198 6.247e-30
3.2 6.288e-30
3.202 6.332e-30
3.204 6.378e-30
3.206 6.427e-30
3.208 6.479e-30
3.21 6.534e-30
3.212 6.591e-30
3.214 6.651e-30
3.216 6.715e-30
3.218 6.781e-30
3.22 6.849e-30
3.222 6.921e-30
3.224 6.996e-30
3.226 7.074e-30
3.228 7.154e-30
3.23 7.238e-30
3.232 7.325e-30
3.234 7.415e-30
3.236 7.508e-30
3.238 7.605e-30
3.24 7.704e-30
3.242 7.807e-30
3.244 7.913e-30
3.246 8.022e-30
3.248 8.134e-30
3.25 8.25e-30
3.252 8.369e-30
3.254 8.491e-30
3.256 8.617e-30
3.258 8.745e-30
3.26 8.877e-30
3.262 9.012e-30
3.264 9.15e-30
3.266 9.291e-30
3.268 9.435e-30
3.27 9.582e-30
3.272 9.732e-30
3.274 9.885e-30
3.276 1.004e-29
3.278 1.02e-29
3.28 1.036e-29
3.282 1.052e-29
3.284 1.068e-29
3.286 1.085e-29
3.288 1.102e-29
3.29 1.119e-29
3.292 1.136e-29
3.294 1.153e-29
3.296 1.17e-29
3.298 1.187e-29
3.3 1.204e-29
3.302 1.221e-29
3.304 1.238e-29
3.306 1.255e-29
3.308 1.272e-29
3.31 1.288e-29
3.312 1.304e-29
3.314 1.32e-29
3.316 1.336e-29
3.318 1.351e-29
3.32 1.365e-29
3.322 1.379e-29
3.324 1.393e-29
3.326 1.406e-29
3.328 1.418e-29
3.33 1.43e-29
3.332 1.441e-29
3.334 1.451e-29
3.336 1.46e-29
3.338 1.469e-29
3.34 1.476e-29
3.342 1.483e-29
3.344 1.489e-29
3.346 1.494e-29
3.348 1.497e-29
3.35 1.5e-29
3.352 1.502e-29
3.354 1.503e-29
3.356 1.503e-29
3.358 1.503e-29
3.36 1.501e-29
3.362 1.498e-29
3.364 1.494e-29
3.366 1.49e-29
3.368 1.485e-29
3.37 1.479e-29
3.372 1.472e-29
3.374 1.464e-29
3.376 1.456e-29
3.378 1.448e-29
3.38 1.438e-29
3.382 1.429e-29
3.384 1.418e-29
3.386 1.408e-29
3.388 1.397e-29
3.39 1.386e-29
3.392 1.374e-29
3.394 1.363e-29
3.396 1.351e-29
3.398 1.339e-29
3.4 6.1573e-27
3.402 6.1111e-27
3.404 6.0647e-27
3.406 6.0181e-27
3.408 5.9761e-27
3.41 5.9292e-27
3.412 5.8868e-27
3.414 5.8442e-27
3.416 5.8015e-27
3.418 5.7634e-27
3.42 5.7251e-27
3.422 5.6866e-27
3.424 5.6528e-27
3.426 5.6188e-27
3.428 5.5847e-27
3.43 5.5552e-27
3.432 5.5303e-27
3.434 5.5053e-27
3.436 5.485e-27
3.438 5.4647e-27
3.44 5.449e-27
3.442 5.438e-27
3.444 5.427e-27
3.446 5.4207e-27
3.448 5.4192e-27
3.45 5.4177e-27
3.452 5.4258e-27
3.454 5.4339e-27
3.456 5.4516e-27
3.458 5.4694e-27
3.46 5.497e-27
3.462 5.5295e-27
3.464 5.5717e-27
3.466 5.6239e-27
3.468 5.6859e-27
3.47 5.7628e-27
3.472 5.8594e-27
3.474 5.9858e-27
3.476 6.1518e-27
3.478 6.3823e-27
3.48 1.367e-26
3.482 1.485e-26
3.484 1.718e-26
3.486 2.302e-26
3.488 4.41e-26
3.49 1.009e-25
3.492 4.449e-26
3.494 1.1834e-26
3.496 9.1187e-27
3.498 8.1532e-27
3.5 7.76e-27
3.502 7.616e-27
3.504 7.5968e-27
3.506 7.6429e-27
3.508 7.7393e-27
3.51 7.8713e-27
3.512 8.0288e-27
3.514 8.2018e-27
3.516 8.4007e-27
3.518 8.6152e-27
3.52 8.8456e-27
3.522 9.0918e-27
3.524 9.3539e-27
3.526 9.6269e-27
3.528 9.916e-27
3.53 1.0216e-26
3.532 1.0527e-26
3.534 1.0849e-26
3.536 1.1183e-26
3.538 1.1522e-26
3.54 1.1867e-26
3.542 1.2213e-26
3.544 1.2566e-26
3.546 1.2914e-26
3.548 1.3258e-26
3.55 1.3592e-26
3.552 1.3912e-26
3.554 1.4217e-26
3.556 1.4502e-26
3.558 1.4757e-26
3.56 1.4986e-26
3.562 1.5179e-26
3.564 1.5336e-26
3.566 1.5456e-26
3.568 1.553e-26
3.57 1.5562e-26
3.572 1.5546e-26
3.574 1.5488e-26
3.576 1.5388e-26
3.578 1.5246e-26
3.58 1.5066e-26
3.582 1.4848e-26
3.584 1.4598e-26
3.586 1.432e-26
3.588 1.4015e-26
3.59 1.3693e-26
3.592 1.3355e-26
3.594 1.3004e-26
3.596 1.2642e-26
3.598 1.2279e-26
3.6 1.191e-26
3.602 1.1545e-26
3.604 1.1179e-26
3.606 1.0817e-26
3.608 1.0465e-26
3.61 1.0117e-26
3.612 9.7798e-27
3.614 9.452e-27
3.616 9.1341e-27
3.618 8.8261e-27
3.62 8.5282e-27
3.622 8.2404e-27
3.624 7.9681e-27
3.626 7.7059e-27
3.628 7.4485e-27
3.63 7.2068e-27
3.632 6.9754e-27
3.634 6.7488e-27
3.636 6.5381e-27
3.638 6.3323e-27
3.64 6.137e-27
3.642 5.9521e-27
3.644 5.7722e-27
3.646 5.603e-27
3.648 5.4387e-27
3.65 5.2824e-27
3.652 5.1328e-27
3.654 4.9895e-27
3.656 4.8525e-27
3.658 4.7212e-27
3.66 4.5957e-27
3.662 4.4755e-27
3.664 4.36e-27
3.666 4.2497e-27
3.668 4.1436e-27
3.67 4.0418e-27
3.672 3.9447e-27
3.674 3.8507e-27
3.676 3.761e-27
3.678 3.6744e-27
3.68 3.5916e-27
3.682 3.5119e-27
3.684 3.4348e-27
3.686 3.3615e-27
3.688 3.2903e-27
3.69 3.2217e-27
3.692 3.1558e-27
3.694 3.0925e-27
3.696 3.0314e-27
3.698 2.9724e-27
3.7 2.9149e-27
3.702 2.8602e-27
3.704 2.807e-27
3.706 2.756e-27
3.708 2.7065e-27
3.71 2.6587e-27
3.712 2.6125e-27
3.714 2.5678e-27
3.716 2.5242e-27
3.718 2.4823e-27
3.72 2.4419e-27
3.722 2.4026e-27
3.724 2.3649e-27
3.726 2.3278e-27
3.728 2.2922e-27
3.73 2.2578e-27
3.732 2.2244e-27
3.734 2.1915e-27
3.736 2.1603e-27
3.738 2.1295e-27
3.74 2.0999e-27
3.742 2.0708e-27
3.744 2.0427e-27
3.746 2.0158e-27
3.748 1.9894e-27
3.75 1.9635e-27
3.752 1.9387e-27
3.754 1.9145e-27
3.756 1.8908e-27
3.758 1.8682e-27
3.76 1.8455e-27
3.762 1.824e-27
3.764 1.803e-27
3.766 1.7819e-27
3.768 1.762e-27
3.77 1.7426e-27
3.772 1.7238e-27
3.774 1.7049e-27
3.776 1.6872e-27
3.778 1.6694e-27
3.78 1.6522e-27
3.782 1.6355e-27
3.784 1.6194e-27
3.786 1.6039e-27
3.788 1.5883e-27
3.79 1.5733e-27
3.792 1.5588e-27
3.794 1.5443e-27
3.796 1.5304e-27
3.798 1.517e-27
3.8 1.5036e-27
3.802 1.4908e-27
3.804 1.4779e-27
3.806 1.4662e-27
3.808 1.4539e-27
3.81 1.4422e-27
3.812 1.431e-27
3.814 1.4198e-27
3.816 1.4092e-27
3.818 1.3986e-27
3.82 1.3879e-27
3.822 1.3778e-27
3.824 1.3683e-27
3.826 1.3588e-27
3.828 1.3493e-27
3.83 1.3403e-27
3.832 1.3313e-27
3.834 1.323e-27
3.836 1.3146e-27
3.838 1.3061e-27
3.84 1.2983e-27
3.842 1.2905e-27
3.844 1.2832e-27
3.846 1.276e-27
3.848 1.2687e-27
3.85 1.2614e-27
3.852 1.2547e-27
3.854 1.248e-27
3.856 1.2419e-27
3.858 1.2357e-27
3.86 1.2296e-27
3.862 1.2235e-27
3.864 1.2179e-27
3.866 1.2123e-27
3.868 1.2074e-27
3.87 1.2018e-27
3.872 1.1968e-27
3.874 1.1925e-27
3.876 1.1875e-27
3.878 1.1831e-27
3.88 1.1787e-27
3.882 1.1743e-27
3.884 1.1705e-27
3.886 1.1667e-27
3.888 1.1629e-27
3.89 1.1591e-27
3.892 1.1559e-27
3.894 1.1527e-27
3.896 1.1495e-27
3.898 1.1463e-27
3.9 1.1437e-27
3.902 1.1412e-27
3.904 1.1386e-27
3.906 1.1366e-27
3.908 1.134e-27
3.91 1.132e-27
3.912 1.1307e-27
3.914 1.1287e-27
3.916 1.1273e-27
3.918 1.126e-27
3.92 1.1246e-27
3.922 1.1239e-27
3.924 1.1232e-27
3.926 1.1225e-27
3.928 1.1217e-27
3.93 1.1217e-27
3.932 1.1216e-27
3.934 1.1215e-27
3.936 1.1221e-27
3.938 1.122e-27
3.94 1.1232e-27
3.942 1.1238e-27
3.944 1.125e-27
3.946 1.1263e-27
3.948 1.1281e-27
3.95 1.13e-27
3.952 1.1319e-27
3.954 1.1345e-27
3.956 1.137e-27
3.958 1.1403e-27
3.96 1.1435e-27
3.962 1.1474e-27
3.964 1.1513e-27
3.966 1.1559e-27
3.968 1.1611e-27
3.97 1.1664e-27
3.972 1.1724e-27
3.974 1.179e-27
3.976 1.1863e-27
3.978 1.1943e-27
3.98 1.203e-27
3.982 1.2123e-27
3.984 1.2231e-27
3.986 1.2352e-27
3.988 1.2493e-27
3.99 1.2649e-27
3.992 1.2825e-27
3.994 1.3035e-27
3.996 1.3286e-27
3.998 1.3592e-27
4 1.3981e-27
4.002 1.4493e-27
4.004 1.5196e-27
4.006 1.6256e-27
4.008 1.7994e-27
4.01 2.1274e-27
4.012 2.8988e-27
4.014 5.6208e-27
4.016 3.5906e-26
4.018 3.5978e-26
4.02 5.7161e-27
4.022 3.0365e-27
4.024 2.3145e-27
4.026 2.0384e-27
4.028 1.9205e-27
4.03 1.8741e-27
4.032 1.8671e-27
4.034 1.8843e-27
4.036 1.9209e-27
4.038 1.9721e-27
4.04 2.0388e-27
4.042 2.1201e-27
4.044 2.2176e-27
4.046 2.3342e-27
4.048 2.4726e-27
4.05 2.6377e-27
4.052 2.8347e-27
4.054 3.0726e-27
4.056 3.3608e-27
4.058 3.7133e-27
4.06 4.1479e-27
4.062 4.6908e-27
4.064 5.3719e-27
4.066 6.2339e-27
4.068 7.3266e-27
4.07 8.6881e-27
4.072 1.0349e-26
4.074 1.226e-26
4.076 1.419e-26
4.078 1.5712e-26
4.08 1.6317e-26
4.082 1.5766e-26
4.084 1.429e-26
4.086 1.2399e-26
4.088 1.0519e-26
4.09 8.8694e-27
4.092 7.5234e-27
4.094 6.4417e-27
4.096 5.5907e-27
4.098 4.9197e-27
4.1 4.3876e-27
4.102 3.9627e-27
4.104 3.6209e-27
4.106 3.3438e-27
4.108 3.1171e-27
4.11 2.9309e-27
4.112 2.7768e-27
4.114 2.6484e-27
4.116 2.542e-27
4.118 2.4528e-27
4.12 2.3786e-27
4.122 2.3158e-27
4.124 2.2645e-27
4.126 2.2218e-27
4.128 2.187e-27
4.13 2.1586e-27
4.132 2.136e-27
4.134 2.1192e-27
4.136 2.1074e-27
4.138 2.0993e-27
4.14 2.0955e-27
4.142 2.0954e-27
4.144 2.0989e-27
4.146 2.1054e-27
4.148 2.1155e-27
4.15 2.1286e-27
4.152 2.1439e-27
4.154 2.1629e-27
4.156 2.1842e-27
4.158 2.2092e-27
4.16 2.2364e-27
4.162 2.2674e-27
4.164 2.3006e-27
4.166 2.3384e-27
4.168 2.3784e-27
4.17 2.423e-27
4.172 2.4706e-27
4.174 2.5227e-27
4.176 2.5795e-27
4.178 2.6407e-27
4.18 2.7073e-27
4.182 2.7793e-27
4.184 2.8581e-27
4.186 2.943e-27
4.188 3.0356e-27
4.19 3.1365e-27
4.192 3.2467e-27
4.194 3.3675e-27
4.196 3.4999e-27
4.198 3.6452e-27
4.2 3.8059e-27
4.202 3.9834e-27
4.204 4.1801e-27
4.206 4.399e-27
4.208 4.644e-27
4.21 4.9182e-27
4.212 5.2277e-27
4.214 5.5779e-27
4.216 5.9749e-27
4.218 6.4289e-27
4.22 6.949e-27
4.222 7.5483e-27
4.224 8.2377e-27
4.226 9.045e-27
4.228 9.9832e-27
4.23 1.1076e-26
4.232 1.2346e-26
4.234 1.3825e-26
4.236 1.5521e-26
4.238 1.7435e-26
4.24 1.9543e-26
4.242 2.174e-26
4.244 2.3888e-26
4.246 2.5747e-26
4.248 2.7063e-26
4.25 2.7612e-26
4.252 2.7314e-26
4.254 2.6244e-26
4.256 2.4616e-26
4.258 2.2707e-26
4.26 2.0732e-26
4.262 1.8855e-26
4.264 1.7167e-26
4.266 1.5701e-26
4.268 1.4474e-26
4.27 1.3469e-26
4.272 1.2665e-26
4.274 1.2038e-26
4.276 1.1581e-26
4.278 1.128e-26
4.28 1.1119e-26
4.282 1.109e-26
4.284 1.1202e-26
4.286 1.1447e-26
4.288 1.1841e-26
4.29 1.2394e-26
4.292 1.3112e-26
4.294 1.4012e-26
4.296 1.5102e-26
4.298 1.6375e-26
4.3 1.7817e-26
4.302 1.9355e-26
4.304 2.0889e-26
4.306 2.2243e-26
4.308 2.3244e-26
4.31 2.3732e-26
4.312 2.3659e-26
4.314 2.3093e-26
4.316 2.2233e-26
4.318 2.1284e-26
4.32 2.0492e-26
4.322 2.0065e-26
4.324 2.0243e-26
4.326 2.1353e-26
4.328 2.3934e-26
4.33 2.8765e-26
4.332 3.6282e-26
4.334 4.3629e-26
4.336 4.3236e-26
4.338 3.5049e-26
4.34 2.6608e-26
4.342 2.0785e-26
4.344 1.7114e-26
4.346 1.4804e-26
4.348 1.3335e-26
4.35 1.2388e-26
4.352 1.181e-26
4.354 1.1482e-26
4.356 1.1363e-26
4.358 1.1405e-26
4.36 1.1593e-26
4.362 1.192e-26
4.364 1.2393e-26
4.366 1.2996e-26
4.368 1.3723e-26
4.37 1.4556e-26
4.372 1.5464e-26
4.374 1.6358e-26
4.376 1.7155e-26
4.378 1.7733e-26
4.38 1.8002e-26
4.382 1.7912e-26
4.384 1.7502e-26
4.386 1.6871e-26
4.388 1.6123e-26
4.39 1.5358e-26
4.392 1.4641e-26
4.394 1.4021e-26
4.396 1.3498e-26
4.398 1.3082e-26
4.4 1.2764e-26
4.402 1.2536e-26
4.404 1.239e-26
4.406 1.2318e-26
4.408 1.2304e-26
4.41 1.2356e-26
4.412 1.245e-26
4.414 1.2593e-26
4.416 1.277e-26
4.418 1.2997e-26
4.42 1.3258e-26
4.422 1.3552e-26
4.424 1.388e-26
4.426 1.425e-26
4.428 1.4646e-26
4.43 1.5076e-26
4.432 1.5532e-26
4.434 1.6031e-26
4.436 1.6555e-26
4.438 1.7105e-26
4.44 1.7699e-26
4.442 1.8318e-26
4.444 1.8964e-26
4.446 1.9644e-26
4.448 2.0359e-26
4.45 2.1092e-26
4.452 2.1852e-26
4.454 2.2638e-26
4.456 2.3451e-26
4.458 2.4273e-26
4.46 2.5106e-26
4.462 2.5948e-26
4.464 2.6792e-26
4.466 2.7629e-26
4.468 2.8458e-26
4.47 2.9255e-26
4.472 3.0028e-26
4.474 3.0759e-26
4.476 3.1441e-26
4.478 3.2055e-26
4.48 3.2603e-26
4.482 3.3074e-26
4.484 3.3461e-26
4.486 3.3745e-26
4.488 3.3936e-26
4.49 3.4025e-26
4.492 3.4011e-26
4.494 3.3893e-26
4.496 3.3681e-26
4.498 3.3366e-26
4.5 3.2964e-26
4.502 3.2475e-26
4.504 3.1916e-26
4.506 3.1288e-26
4.508 3.0615e-26
4.51 2.9889e-26
4.512 2.9128e-26
4.514 2.833e-26
4.516 2.7523e-26
4.518 2.6705e-26
4.52 2.5886e-26
4.522 2.5066e-26
4.524 2.4252e-26
4.526 2.3447e-26
4.528 2.2666e-26
4.53 2.1901e-26
4.532 2.1152e-26
4.534 2.0428e-26
4.536 1.9738e-26
4.538 1.9064e-26
4.54 1.8424e-26
4.542 1.78e-26
4.544 1.721e-26
4.546 1.6646e-26
4.548 1.6116e-26
4.55 1.5602e-26
4.552 1.5114e-26
4.554 1.466e-26
4.556 1.4223e-26
4.558 1.3812e-26
4.56 1.3427e-26
4.562 1.3058e-26
4.564 1.2716e-26
4.566 1.2399e-26
4.568 1.21e-26
4.57 1.1826e-26
4.572 1.157e-26
4.574 1.1331e-26
4.576 1.1119e-26
4.578 1.0923e-26
4.58 1.0754e-26
4.582 1.0603e-26
4.584 1.0478e-26
4.586 1.038e-26
4.588 1.0299e-26
4.59 1.0254e-26
4.592 1.0235e-26
4.594 1.0252e-26
4.596 1.0305e-26
4.598 1.0403e-26
4.6 1.0555e-26
4.602 1.0761e-26
4.604 1.1039e-26
4.606 1.1398e-26
4.608 1.1856e-26
4.61 1.245e-26
4.612 1.3199e-26
4.614 1.4146e-26
4.616 1.5357e-26
4.618 1.6894e-26
4.62 1.8868e-26
4.622 2.1396e-26
4.624 2.4606e-26
4.626 2.8609e-26
4.628 3.338e-26
4.63 3.8575e-26
4.632 4.3343e-26
4.634 4.6311e-26
4.636 4.6366e-26
4.638 4.3492e-26
4.64 3.8801e-26
4.642 3.3657e-26
4.644 2.8933e-26
4.646 2.4968e-26
4.648 2.18e-26
4.65 1.9322e-26
4.652 1.7407e-26
4.654 1.5938e-26
4.656 1.4833e-26
4.658 1.401e-26
4.66 1.3415e-26
4.662 1.3022e-26
4.664 1.2793e-26
4.666 1.272e-26
4.668 1.2804e-26
4.67 1.3026e-26
4.672 1.3395e-26
4.674 1.3923e-26
4.676 1.4626e-26
4.678 1.5515e-26
4.68 1.6628e-26
4.682 1.7992e-26
4.684 1.9618e-26
4.686 2.1533e-26
4.688 2.3739e-26
4.69 2.6181e-26
4.692 2.8756e-26
4.694 3.1261e-26
4.696 3.3416e-26
4.698 3.4886e-26
4.7 3.5397e-26
4.702 3.4846e-26
4.704 3.3333e-26
4.706 3.1126e-26
4.708 2.8542e-26
4.71 2.5879e-26
4.712 2.3342e-26
4.714 2.1027e-26
4.716 1.898e-26
4.718 1.7212e-26
4.72 1.5703e-26
4.722 1.4428e-26
4.724 1.3357e-26
4.726 1.2454e-26
4.728 1.171e-26
4.73 1.1097e-26
4.732 1.0596e-26
4.734 1.0207e-26
4.736 9.9126e-27
4.738 9.7027e-27
4.74 9.587e-27
4.742 9.5659e-27
4.744 9.649e-27
4.746 9.8366e-27
4.748 1.0157e-26
4.75 1.0649e-26
4.752 1.1342e-26
4.754 1.2321e-26
4.756 1.3692e-26
4.758 1.5646e-26
4.76 1.8462e-26
4.762 2.2646e-26
4.764 2.9071e-26
4.766 3.9272e-26
4.768 5.5514e-26
4.77 7.9132e-26
4.772 1.0192e-25
4.774 1.021e-25
4.776 7.9608e-26
4.778 5.6193e-26
4.78 4.0133e-26
4.782 3.0153e-26
4.784 2.3989e-26
4.786 2.0145e-26
4.788 1.7799e-26
4.79 1.6511e-26
4.792 1.6108e-26
4.794 1.6622e-26
4.796 1.8423e-26
4.798 2.2518e-26
4.8 3.1557e-26
4.802 5.0557e-26
4.804 6.8472e-26
4.806 5.1981e-26
4.808 3.4466e-26
4.81 2.7185e-26
4.812 2.5378e-26
4.814 2.6739e-26
4.816 3.0858e-26
4.818 3.8433e-26
4.82 5.1237e-26
4.822 7.2169e-26
4.824 1.0294e-25
4.826 1.3263e-25
4.828 1.3263e-25
4.83 1.0277e-25
4.832 7.174e-26
4.834 5.0365e-26
4.836 3.6972e-26
4.838 2.8547e-26
4.84 2.3136e-26
4.842 1.9594e-26
4.844 1.7306e-26
4.846 1.594e-26
4.848 1.537e-26
4.85 1.5707e-26
4.852 1.7376e-26
4.854 2.1625e-26
4.856 3.2174e-26
4.858 5.9145e-26
4.86 9.137e-26
4.862 5.8766e-26
4.864 3.1277e-26
4.866 2.0133e-26
4.868 1.5215e-26
4.87 1.2743e-26
4.872 1.142e-26
4.874 1.0702e-26
4.876 1.0372e-26
4.878 1.0319e-26
4.88 1.0526e-26
4.882 1.1003e-26
4.884 1.1839e-26
4.886 1.3226e-26
4.888 1.5565e-26
4.89 1.9758e-26
4.892 2.7741e-26
4.894 4.1837e-26
4.896 5.2825e-26
4.898 4.268e-26
4.9 2.9387e-26
4.902 2.2214e-26
4.904 1.8852e-26
4.906 1.7397e-26
4.908 1.6946e-26
4.91 1.7119e-26
4.912 1.7726e-26
4.914 1.8687e-26
4.916 1.9983e-26
4.918 2.1624e-26
4.92 2.3622e-26
4.922 2.6027e-26
4.924 2.8901e-26
4.926 3.2316e-26
4.928 3.6334e-26
4.93 4.1039e-26
4.932 4.644e-26
4.934 5.2529e-26
4.936 5.9126e-26
4.938 6.5935e-26
4.94 7.2429e-26
4.942 7.8054e-26
4.944 8.2536e-26
4.946 8.6962e-26
4.948 9.8237e-26
4.95 1.5074e-25
4.952 1.2764e-25
4.954 7.7014e-26
4.956 6.0016e-26
4.958 5.0455e-26
4.96 4.3506e-26
4.962 3.7984e-26
4.964 3.344e-26
4.966 2.9661e-26
4.968 2.6494e-26
4.97 2.3816e-26
4.972 2.1546e-26
4.974 1.9623e-26
4.976 1.7966e-26
4.978 1.6555e-26
4.98 1.5327e-26
4.982 1.4273e-26
4.984 1.3352e-26
4.986 1.2554e-26
4.988 1.1859e-26
4.99 1.1255e-26
4.992 1.0724e-26
4.994 1.0254e-26
4.996 9.8466e-27
4.998 9.4917e-27
5 9.1832e-27
5.002 8.9158e-27
5.004 8.6877e-27
5.006 8.4936e-27
5.008 8.3316e-27
5.01 8.1985e-27
5.012 8.0956e-27
5.014 8.0186e-27
5.016 7.9687e-27
5.018 7.9438e-27
5.02 7.9451e-27
5.022 7.9715e-27
5.024 8.0263e-27
5.026 8.1074e-27
5.028 8.219e-27
5.03 8.3612e-27
5.032 8.5394e-27
5.034 8.7546e-27
5.036 9.0144e-27
5.038 9.3251e-27
5.04 9.6942e-27
5.042 1.0133e-26
5.044 1.0664e-26
5.046 1.1295e-26
5.048 1.2064e-26
5.05 1.3024e-26
5.052 1.424e-26
5.054 1.5828e-26
5.056 1.797e-26
5.058 2.0995e-26
5.06 2.5521e-26
5.062 3.2634e-26
5.064 4.3999e-26
5.066 5.9581e-26
5.068 6.9606e-26
5.07 6.2751e-26
5.072 5.0397e-26
5.074 4.241e-26
5.076 3.8969e-26
5.078 3.8558e-26
5.08 4.023e-26
5.082 4.3551e-26
5.084 4.8428e-26
5.086 5.4887e-26
5.088 6.309e-26
5.09 7.3116e-26
5.092 8.4927e-26
5.094 9.8009e-26
5.096 1.1122e-25
5.098 1.2226e-25
5.1 1.288e-25
5.102 1.2888e-25
5.104 1.224e-25
5.106 1.1137e-25
5.108 9.8189e-26
5.11 8.4986e-26
5.112 7.2965e-26
5.114 6.2625e-26
5.116 5.3991e-26
5.118 4.6893e-26
5.12 4.1107e-26
5.122 3.642e-26
5.124 3.2637e-26
5.126 2.9587e-26
5.128 2.7163e-26
5.13 2.5268e-26
5.132 2.3871e-26
5.134 2.2918e-26
5.136 2.2433e-26
5.138 2.2458e-26
5.14 2.3095e-26
5.142 2.4539e-26
5.144 2.711e-26
5.146 3.1346e-26
5.148 3.8013e-26
5.15 4.7961e-26
5.152 6.0713e-26
5.154 7.1247e-26
5.156 7.0998e-26
5.158 5.9944e-26
5.16 4.6604e-26
5.162 3.6025e-26
5.164 2.8707e-26
5.166 2.381e-26
5.168 2.0557e-26
5.17 1.8456e-26
5.172 1.7201e-26
5.174 1.6705e-26
5.176 1.7069e-26
5.178 1.8747e-26
5.18 2.3135e-26
5.182 3.4404e-26
5.184 5.9062e-26
5.186 5.9566e-26
5.188 3.5955e-26
5.19 2.6047e-26
5.192 2.3768e-26
5.194 2.5726e-26
5.196 3.2384e-26
5.198 4.8252e-26
5.2 8.7904e-26
5.202 1.7403e-25
5.204 1.7425e-25
5.206 8.8253e-26
5.208 4.8653e-26
5.21 3.2765e-26
5.212 2.591e-26
5.214 2.3268e-26
5.216 2.3305e-26
5.218 2.6027e-26
5.22 3.2781e-26
5.222 4.7664e-26
5.224 8.0787e-26
5.226 1.377e-25
5.228 1.3757e-25
5.23 8.0134e-26
5.232 4.6311e-26
5.234 3.0557e-26
5.236 2.2645e-26
5.238 1.827e-26
5.24 1.5679e-26
5.242 1.4078e-26
5.244 1.3072e-26
5.246 1.2459e-26
5.248 1.2128e-26
5.25 1.2012e-26
5.252 1.2076e-26
5.254 1.231e-26
5.256 1.2703e-26
5.258 1.3277e-26
5.26 1.4057e-26
5.262 1.5075e-26
5.264 1.639e-26
5.266 1.807e-26
5.268 2.0207e-26
5.27 2.2892e-26
5.272 2.6172e-26
5.274 2.9923e-26
5.276 3.3748e-26
5.278 3.687e-26
5.28 3.8319e-26
5.282 3.7659e-26
5.284 3.5341e-26
5.286 3.2311e-26
5.288 2.937e-26
5.29 2.6939e-26
5.292 2.5147e-26
5.294 2.396e-26
5.296 2.331e-26
5.298 2.3118e-26
5.3 2.335e-26
5.302 2.3962e-26
5.304 2.4954e-26
5.306 2.6327e-26
5.308 2.8116e-26
5.31 3.0356e-26
5.312 3.3118e-26
5.314 3.6482e-26
5.316 4.0555e-26
5.318 4.5429e-26
5.32 5.121e-26
5.322 5.7993e-26
5.324 6.5755e-26
5.326 7.4303e-26
5.328 8.3196e-26
5.33 9.1592e-26
5.332 9.8339e-26
5.334 1.0222e-25
5.336 1.0241e-25
5.338 9.8894e-26
5.34 9.2492e-26
5.342 8.4408e-26
5.344 7.5801e-26
5.346 6.7521e-26
5.348 6.0035e-26
5.35 5.3531e-26
5.352 4.8034e-26
5.354 4.3499e-26
5.356 3.9811e-26
5.358 3.6913e-26
5.36 3.4737e-26
5.362 3.3249e-26
5.364 3.2473e-26
5.366 3.2516e-26
5.368 3.3615e-26
5.37 3.6193e-26
5.372 4.1064e-26
5.374 4.9593e-26
5.376 6.3422e-26
5.378 8.1197e-26
5.38 9.0825e-26
5.382 8.0542e-26
5.384 6.2023e-26
5.386 4.7371e-26
5.388 3.7939e-26
5.39 3.206e-26
5.392 2.8335e-26
5.394 2.5953e-26
5.396 2.4396e-26
5.398 2.3405e-26
5.4 2.2816e-26
5.402 2.251e-26
5.404 2.244e-26
5.406 2.2561e-26
5.408 2.2847e-26
5.41 2.3265e-26
5.412 2.3826e-26
5.414 2.4506e-26
5.416 2.5318e-26
5.418 2.6262e-26
5.42 2.7326e-26
5.422 2.8511e-26
5.424 2.984e-26
5.426 3.1314e-26
5.428 3.2921e-26
5.43 3.4673e-26
5.432 3.6571e-26
5.434 3.8603e-26
5.436 4.078e-26
5.438 4.3081e-26
5.44 4.5467e-26
5.442 4.7941e-26
5.444 5.0453e-26
5.446 5.2933e-26
5.448 5.5343e-26
5.45 5.76e-26
5.452 5.9643e-26
5.454 6.1375e-26
5.456 6.2737e-26
5.458 6.3666e-26
5.46 6.4138e-26
5.462 6.4128e-26
5.464 6.3659e-26
5.466 6.2767e-26
5.468 6.1524e-26
5.47 6e-26
5.472 5.8294e-26
5.474 5.6513e-26
5.476 5.4729e-26
5.478 5.3065e-26
5.48 5.1665e-26
5.482 5.0725e-26
5.484 5.0622e-26
5.486 5.2377e-26
5.488 5.9362e-26
5.49 8.8298e-26
5.492 1.6833e-25
5.494 8.7928e-26
5.496 5.8661e-26
5.498 5.1685e-26
5.5 5.0471e-26
5.502 5.1905e-26
5.504 5.5392e-26
5.506 6.1108e-26
5.508 6.9619e-26
5.51 8.1908e-26
5.512 9.9194e-26
5.514 1.2239e-25
5.516 1.5028e-25
5.518 1.7588e-25
5.52 1.8666e-25
5.522 1.751e-25
5.524 1.4854e-25
5.526 1.1969e-25
5.528 9.5368e-26
5.53 7.6888e-26
5.532 6.3288e-26
5.534 5.3331e-26
5.536 4.5989e-26
5.538 4.0502e-26
5.54 3.6353e-26
5.542 3.3212e-26
5.544 3.0834e-26
5.546 2.9059e-26
5.548 2.7777e-26
5.55 2.6914e-26
5.552 2.6447e-26
5.554 2.6338e-26
5.556 2.6626e-26
5.558 2.7337e-26
5.56 2.8544e-26
5.562 3.035e-26
5.564 3.2928e-26
5.566 3.6504e-26
5.568 4.1416e-26
5.57 4.8052e-26
5.572 5.6814e-26
5.574 6.778e-26
5.576 7.9968e-26
5.578 9.0436e-26
5.58 9.4859e-26
5.582 9.0928e-26
5.584 8.0941e-26
5.586 6.9291e-26
5.588 5.8979e-26
5.59 5.1085e-26
5.592 4.5714e-26
5.594 4.2706e-26
5.596 4.2116e-26
5.598 4.4387e-26
5.6 5.0441e-26
5.602 6.0775e-26
5.604 7.1071e-26
5.606 7.0205e-26
5.608 5.8072e-26
5.61 4.5686e-26
5.612 3.7205e-26
5.614 3.1967e-26
5.616 2.8806e-26
5.618 2.6929e-26
5.62 2.5921e-26
5.622 2.5506e-26
5.624 2.5584e-26
5.626 2.6066e-26
5.628 2.6942e-26
5.63 2.8212e-26
5.632 2.9926e-26
5.634 3.2137e-26
5.636 3.4973e-26
5.638 3.856e-26
5.64 4.313e-26
5.642 4.8964e-26
5.644 5.6457e-26
5.646 6.6173e-26
5.648 7.8803e-26
5.65 9.5181e-26
5.652 1.1599e-25
5.654 1.4106e-25
5.656 1.6794e-25
5.658 1.9038e-25
5.66 1.9982e-25
5.662 1.9213e-25
5.664 1.7139e-25
5.666 1.4628e-25
5.668 1.2319e-25
5.67 1.0466e-25
5.672 9.1119e-26
5.674 8.223e-26
5.676 7.7746e-26
5.678 7.8008e-26
5.68 8.4527e-26
5.682 1.0095e-25
5.684 1.3441e-25
5.686 1.8893e-25
5.688 2.2547e-25
5.69 1.8708e-25
5.692 1.3033e-25
5.694 9.4236e-26
5.696 7.462e-26
5.698 6.4112e-26
5.7 5.8683e-26
5.702 5.635e-26
5.704 5.6122e-26
5.706 5.7525e-26
5.708 6.0303e-26
5.71 6.4314e-26
5.712 6.947e-26
5.714 7.5643e-26
5.716 8.2538e-26
5.718 8.9673e-26
5.72 9.6323e-26
5.722 1.0154e-25
5.724 1.0435e-25
5.726 1.0417e-25
5.728 1.01e-25
5.73 9.5417e-26
5.732 8.8327e-26
5.734 8.0693e-26
5.736 7.3247e-26
5.738 6.6459e-26
5.74 6.0643e-26
5.742 5.5971e-26
5.744 5.2627e-26
5.746 5.1047e-26
5.748 5.228e-26
5.75 5.9277e-26
5.752 8.0898e-26
5.754 1.3082e-25
5.756 1.2909e-25
5.758 7.5517e-26
5.76 5.0074e-26
5.762 3.9009e-26
5.764 3.3336e-26
5.766 3.0026e-26
5.768 2.7909e-26
5.77 2.6476e-26
5.772 2.5489e-26
5.774 2.4817e-26
5.776 2.4395e-26
5.778 2.4184e-26
5.78 2.4157e-26
5.782 2.4316e-26
5.784 2.466e-26
5.786 2.5229e-26
5.788 2.605e-26
5.79 2.7216e-26
5.792 2.8835e-26
5.794 3.1144e-26
5.796 3.4544e-26
5.798 3.9765e-26
5.8 4.8326e-26
5.802 6.3127e-26
5.804 8.8408e-26
5.806 1.1886e-25
5.808 1.2001e-25
5.81 9.1774e-26
5.812 6.8708e-26
5.814 5.6174e-26
5.816 4.9989e-26
5.818 4.7294e-26
5.82 4.6612e-26
5.822 4.7265e-26
5.824 4.8881e-26
5.826 5.1288e-26
5.828 5.4433e-26
5.83 5.8278e-26
5.832 6.281e-26
5.834 6.8044e-26
5.836 7.3927e-26
5.838 8.038e-26
5.84 8.7202e-26
5.842 9.4072e-26
5.844 1.0056e-25
5.846 1.0609e-25
5.848 1.1008e-25
5.85 1.1209e-25
5.852 1.1198e-25
5.854 1.0987e-25
5.856 1.0625e-25
5.858 1.0165e-25
5.86 9.6685e-26
5.862 9.1795e-26
5.864 8.7318e-26
5.866 8.3431e-26
5.868 8.0243e-26
5.87 7.7795e-26
5.872 7.6077e-26
5.874 7.5047e-26
5.876 7.4707e-26
5.878 7.5018e-26
5.88 7.5954e-26
5.882 7.7501e-26
5.884 7.9661e-26
5.886 8.2435e-26
5.888 8.5823e-26
5.89 8.9841e-26
5.892 9.4516e-26
5.894 9.9864e-26
5.896 1.0588e-25
5.898 1.1258e-25
5.9 1.1995e-25
5.902 1.2796e-25
5.904 1.3649e-25
5.906 1.455e-25
5.908 1.5473e-25
5.91 1.6398e-25
5.912 1.7296e-25
5.914 1.8153e-25
5.916 1.893e-25
5.918 1.9598e-25
5.92 2.017e-25
5.922 2.0634e-25
5.924 2.1029e-25
5.926 2.1369e-25
5.928 2.171e-25
5.93 2.2093e-25
5.932 2.2572e-25
5.934 2.3162e-25
5.936 2.3835e-25
5.938 2.455e-25
5.94 2.5183e-25
5.942 2.5555e-25
5.944 2.5527e-25
5.946 2.4961e-25
5.948 2.3855e-25
5.95 2.2347e-25
5.952 2.0589e-25
5.954 1.8746e-25
5.956 1.697e-25
5.958 1.5317e-25
5.96 1.3837e-25
5.962 1.2543e-25
5.964 1.1426e-25
5.966 1.0473e-25
5.968 9.6652e-26
5.97 8.9909e-26
5.972 8.4354e-26
5.974 7.9934e-26
5.976 7.6608e-26
5.978 7.4407e-26
5.98 7.3456e-26
5.982 7.3954e-26
5.984 7.6265e-26
5.986 8.088e-26
5.988 8.8347e-26
5.99 9.8712e-26
5.992 1.1027e-25
5.994 1.1822e-25
5.996 1.1693e-25
5.998 1.064e-25
6 9.2162e-26
6.002 7.8988e-26
6.004 6.8628e-26
6.006 6.0984e-26
6.008 5.551e-26
6.01 5.1674e-26
6.012 4.9098e-26
6.014 4.7558e-26
6.016 4.6914e-26
6.018 4.7166e-26
6.02 4.8384e-26
6.022 5.0792e-26
6.024 5.481e-26
6.026 6.118e-26
6.028 7.1274e-26
6.03 8.743e-26
6.032 1.1319e-25
6.034 1.5064e-25
6.036 1.869e-25
6.038 1.8872e-25
6.04 1.5582e-25
6.042 1.2214e-25
6.044 1.0048e-25
6.046 8.904e-26
6.048 8.4532e-26
6.05 8.4938e-26
6.052 8.9306e-26
6.054 9.7426e-26
6.056 1.0947e-25
6.058 1.2576e-25
6.06 1.4644e-25
6.062 1.7066e-25
6.064 1.9544e-25
6.066 2.1504e-25
6.068 2.2274e-25
6.07 2.1532e-25
6.072 1.9614e-25
6.074 1.7178e-25
6.076 1.4812e-25
6.078 1.2811e-25
6.08 1.1287e-25
6.082 1.0242e-25
6.084 9.6768e-26
6.086 9.6194e-26
6.088 1.0153e-25
6.09 1.1381e-25
6.092 1.3189e-25
6.094 1.4686e-25
6.096 1.4406e-25
6.098 1.2307e-25
6.1 9.8644e-26
6.102 7.9324e-26
6.104 6.5898e-26
6.106 5.6938e-26
6.108 5.11e-26
6.11 4.7586e-26
6.112 4.6004e-26
6.114 4.6438e-26
6.116 4.963e-26
6.118 5.7694e-26
6.12 7.6636e-26
6.122 1.2428e-25
6.124 2.282e-25
6.126 2.2792e-25
6.128 1.2344e-25
6.13 7.5152e-26
6.132 5.551e-26
6.134 4.6662e-26
6.136 4.2616e-26
6.138 4.137e-26
6.14 4.2602e-26
6.142 4.7866e-26
6.144 6.538e-26
6.146 1.3892e-25
6.148 1.3987e-25
6.15 6.8306e-26
6.152 5.2654e-26
6.154 4.9056e-26
6.156 4.914e-26
6.158 5.0918e-26
6.16 5.3802e-26
6.162 5.7624e-26
6.164 6.2384e-26
6.166 6.8152e-26
6.168 7.5054e-26
6.17 8.323e-26
6.172 9.2904e-26
6.174 1.042e-25
6.176 1.1728e-25
6.178 1.321e-25
6.18 1.484e-25
6.182 1.6548e-25
6.184 1.82e-25
6.186 1.9614e-25
6.188 2.0594e-25
6.19 2.0944e-25
6.192 2.0608e-25
6.194 1.9656e-25
6.196 1.8256e-25
6.198 1.6618e-25
6.2 1.4938e-25
6.202 1.332e-25
6.204 1.1851e-25
6.206 1.0557e-25
6.208 9.4388e-26
6.21 8.484e-26
6.212 7.6762e-26
6.214 6.9958e-26
6.216 6.4246e-26
6.218 5.9486e-26
6.22 5.5538e-26
6.222 5.2304e-26
6.224 4.9686e-26
6.226 4.7642e-26
6.228 4.6116e-26
6.23 4.5108e-26
6.232 4.459e-26
6.234 4.4618e-26
6.236 4.5206e-26
6.238 4.6466e-26
6.24 4.8496e-26
6.242 5.145e-26
6.244 5.5496e-26
6.246 6.076e-26
6.248 6.7228e-26
6.25 7.441e-26
6.252 8.1102e-26
6.254 8.5442e-26
6.256 8.589e-26
6.258 8.2446e-26
6.26 7.6664e-26
6.262 7.042e-26
6.264 6.4946e-26
6.266 6.0732e-26
6.268 5.782e-26
6.27 5.6098e-26
6.272 5.5426e-26
6.274 5.5664e-26
6.276 5.67e-26
6.278 5.8478e-26
6.28 6.0914e-26
6.282 6.398e-26
6.284 6.762e-26
6.286 7.1722e-26
6.288 7.6174e-26
6.29 8.078e-26
6.292 8.526e-26
6.294 8.9306e-26
6.296 9.254e-26
6.298 9.4626e-26
6.3 9.5312e-26
6.302 9.4486e-26
6.304 9.226e-26
6.306 8.8872e-26
6.308 8.463e-26
6.31 7.9912e-26
6.312 7.5026e-26
6.314 7.0224e-26
6.316 6.5688e-26
6.318 6.1502e-26
6.32 5.775e-26
6.322 5.4432e-26
6.324 5.1548e-26
6.326 4.907e-26
6.328 4.6984e-26
6.33 4.5248e-26
6.332 4.3848e-26
6.334 4.277e-26
6.336 4.1958e-26
6.338 4.1426e-26
6.34 4.116e-26
6.342 4.1132e-26
6.344 4.1356e-26
6.346 4.1832e-26
6.348 4.2546e-26
6.35 4.3512e-26
6.352 4.4758e-26
6.354 4.627e-26
6.356 4.809e-26
6.358 5.0232e-26
6.36 5.271e-26
6.362 5.5566e-26
6.364 5.8814e-26
6.366 6.2468e-26
6.368 6.6542e-26
6.37 7.105e-26
6.372 7.5978e-26
6.374 8.1256e-26
6.376 8.68e-26
6.378 9.2456e-26
6.38 9.8042e-26
6.382 1.0328e-25
6.384 1.0787e-25
6.386 1.1147e-25
6.388 1.1382e-25
6.39 1.147e-25
6.392 1.1406e-25
6.394 1.1194e-25
6.396 1.0857e-25
6.398 1.0423e-25
6.4 9.9218e-26
6.402 9.3856e-26
6.404 8.8424e-26
6.406 8.3104e-26
6.408 7.805e-26
6.41 7.336e-26
6.412 6.9076e-26
6.414 6.5226e-26
6.416 6.181e-26
6.418 5.8828e-26
6.42 5.6224e-26
6.422 5.3998e-26
6.424 5.2136e-26
6.426 5.0596e-26
6.428 4.9364e-26
6.43 4.8412e-26
6.432 4.774e-26
6.434 4.7334e-26
6.436 4.7194e-26
6.438 4.7292e-26
6.44 4.7642e-26
6.442 4.823e-26
6.444 4.9084e-26
6.446 5.0204e-26
6.448 5.159e-26
6.45 5.327e-26
6.452 5.5244e-26
6.454 5.754e-26
6.456 6.0186e-26
6.458 6.3196e-26
6.46 6.6598e-26
6.462 7.0406e-26
6.464 7.4648e-26
6.466 7.931e-26
6.468 8.442e-26
6.47 8.9936e-26
6.472 9.5816e-26
6.474 1.0199e-25
6.476 1.083e-25
6.478 1.1462e-25
6.48 1.2068e-25
6.482 1.2624e-25
6.484 1.3098e-25
6.486 1.3464e-25
6.488 1.3695e-25
6.49 1.3776e-25
6.492 1.3699e-25
6.494 1.3471e-25
6.496 1.3108e-25
6.498 1.2636e-25
6.5 1.2083e-25
6.502 1.1481e-25
6.504 1.0854e-25
6.506 1.0228e-25
6.508 9.618e-26
6.51 9.037e-26
6.512 8.4952e-26
6.514 7.9982e-26
6.516 7.5474e-26
6.518 7.1442e-26
6.52 6.79e-26
6.522 6.482e-26
6.524 6.2216e-26
6.526 6.0074e-26
6.528 5.8394e-26
6.53 5.7176e-26
6.532 5.6434e-26
6.534 5.621e-26
6.536 5.6504e-26
6.538 5.7372e-26
6.54 5.8884e-26
6.542 6.1068e-26
6.544 6.3994e-26
6.546 6.7704e-26
6.548 7.217e-26
6.55 7.728e-26
6.552 8.2754e-26
6.554 8.8116e-26
6.556 9.2666e-26
6.558 9.5592e-26
6.56 9.6222e-26
6.562 9.429e-26
6.564 9.0062e-26
6.566 8.4196e-26
6.568 7.7462e-26
6.57 7.0588e-26
6.572 6.4022e-26
6.574 5.803e-26
6.576 5.2738e-26
6.578 4.8146e-26
6.58 4.4184e-26
6.582 4.081e-26
6.584 3.794e-26
6.586 3.5504e-26
6.588 3.3432e-26
6.59 3.1696e-26
6.592 3.0226e-26
6.594 2.8994e-26
6.596 2.7986e-26
6.598 2.716e-26
6.6 2.6502e-26
6.602 2.6012e-26
6.604 2.5662e-26
6.606 2.5466e-26
6.608 2.5396e-26
6.61 2.5466e-26
6.612 2.569e-26
6.614 2.604e-26
6.616 2.6558e-26
6.618 2.723e-26
6.62 2.8084e-26
6.622 2.912e-26
6.624 3.0366e-26
6.626 3.1836e-26
6.628 3.353e-26
6.63 3.549e-26
6.632 3.7702e-26
6.634 4.0152e-26
6.636 4.2826e-26
6.638 4.5654e-26
6.64 4.8552e-26
6.642 5.1352e-26
6.644 5.3914e-26
6.646 5.6014e-26
6.648 5.7484e-26
6.65 5.8198e-26
6.652 5.8156e-26
6.654 5.7498e-26
6.656 5.6532e-26
6.658 5.5902e-26
6.66 5.7204e-26
6.662 6.6318e-26
6.664 1.1309e-25
6.666 1.107e-25
6.668 5.922e-26
6.67 4.5612e-26
6.672 4.0222e-26
6.674 3.7352e-26
6.676 3.5644e-26
6.678 3.4678e-26
6.68 3.43e-26
6.682 3.4468e-26
6.684 3.521e-26
6.686 3.661e-26
6.688 3.878e-26
6.69 4.193e-26
6.692 4.6312e-26
6.694 5.229e-26
6.696 6.0186e-26
6.698 7.0182e-26
6.7 8.1746e-26
6.702 9.296e-26
6.704 1.0023e-25
6.706 1.0021e-25
6.708 9.2918e-26
6.71 8.1662e-26
6.712 7.0014e-26
6.714 5.9934e-26
6.716 5.194e-26
6.718 4.5836e-26
6.72 4.1286e-26
6.722 3.794e-26
6.724 3.5504e-26
6.726 3.3796e-26
6.728 3.2634e-26
6.73 3.1948e-26
6.732 3.1626e-26
6.734 3.164e-26
6.736 3.1948e-26
6.738 3.2522e-26
6.74 3.3348e-26
6.742 3.4426e-26
6.744 3.5742e-26
6.746 3.7324e-26
6.748 3.9172e-26
6.75 4.1272e-26
6.752 4.3666e-26
6.754 4.6326e-26
6.756 4.9294e-26
6.758 5.2542e-26
6.76 5.6056e-26
6.762 5.9808e-26
6.764 6.3742e-26
6.766 6.7774e-26
6.768 7.1792e-26
6.77 7.5642e-26
6.8 1.2234e-25
7 1.39e-25
7.2 1.4951e-25
7.4 1.3948e-25
7.6 1.4738e-25
7.8 1.5288e-25
8 1.5606e-25
8.2 1.6192e-25
8.4 1.6251e-25
8.6 1.6212e-25
8.8 1.6001e-25
9 1.5547e-25
9.5 1.5162e-25
10 2.0779e-25
10.5 2.2088e-25
11 2.2502e-25
11.5 2.2599e-25
12 2.4468e-25
12.5 2.5402e-25
13 2.6288e-25
13.5 2.6471e-25
14 2.704e-25
14.5 2.9333e-25
15 3.1923e-25
