3.48187 0
3.5 2.9268e-28
3.7498 2.10644e-27
3.97136 4.78593e-27
4 6.6783e-27
4.5 2.77439e-26
4.72384 3.721e-26
5 5.59564e-26
5.5 8.17089e-26
5.54712 8.27875e-26
5.65514 8.79644e-26
5.91074 1.04944e-25
5.91168 1.0504e-25
5.91462 1.05428e-25
6 1.18506e-25
6.25886 1.37432e-25
6.47032 1.58932e-25
6.5 1.63134e-25
6.60593 1.68565e-25
6.69774 1.74716e-25
6.90204 1.90611e-25
7 1.99958e-25
7.09107 2.02168e-25
7.19087 2.06393e-25
7.47793 2.22137e-25
7.5 2.24477e-25
7.60004 2.25709e-25
7.70395 2.29887e-25
7.79318 2.3435e-25
7.80375 2.35042e-25
7.85306 2.39256e-25
7.88476 2.42162e-25
7.88828 2.4252e-25
8 2.54107e-25
8.08201 2.56792e-25
8.13367 2.59539e-25
8.15363 2.60836e-25
8.40372 2.77437e-25
8.41898 2.78569e-25
8.5 2.85604e-25
8.53052 2.86055e-25
9 3.156e-25
9.5 3.56e-25
10 3.876e-25
10.5 4.129e-25
10.8865 4.28901e-25
10.9 4.2946e-25
11 4.336e-25
11.1 4.35043e-25
11.2 4.36497e-25
11.3 4.38113e-25
11.4 4.3968e-25
11.5 4.42102e-25
11.6 4.40274e-25
11.7 4.38496e-25
11.8 4.39373e-25
11.9 4.39779e-25
12 4.41699e-25
12.1 4.43545e-25
12.2 4.43044e-25
12.3 4.45926e-25
12.4 4.52372e-25
12.5 4.54221e-25
12.6 4.60654e-25
12.7 4.60641e-25
12.8 4.62365e-25
12.9 4.71959e-25
13 4.70431e-25
13.1 4.63088e-25
13.2 4.83955e-25
13.3 4.8491e-25
13.4 4.91868e-25
13.5 4.9586e-25
13.6 5.05343e-25
13.7 5.15202e-25
13.8 5.25574e-25
13.9 5.34625e-25
14 5.41157e-25
14.1 5.50005e-25
14.2 5.55604e-25
14.3 5.54547e-25
14.4 5.62656e-25
14.5 5.65523e-25
14.6 5.67958e-25
14.7 5.7662e-25
14.8 5.87769e-25
14.9 5.83123e-25
15 5.87017e-25
