3.9604 0
4 2.2107e-28
4.002 2.4029e-28
4.004 2.6181e-28
4.006 2.8603e-28
4.008 3.1331e-28
4.01 3.4426e-28
4.012 3.7952e-28
4.014 4.1986e-28
4.016 4.6618e-28
4.018 5.198e-28
4.02 5.8226e-28
4.022 6.5538e-28
4.024 7.4167e-28
4.026 8.4447e-28
4.028 9.6818e-28
4.03 1.1184e-27
4.032 1.3021e-27
4.034 1.5312e-27
4.036 1.8204e-27
4.038 2.1913e-27
4.04 2.6762e-27
4.042 3.3241e-27
4.044 4.2126e-27
4.046 5.4673e-27
4.048 7.3005e-27
4.05 1.0079e-26
4.052 1.447e-26
4.054 2.1585e-26
4.056 3.2838e-26
4.058 4.7506e-26
4.06 5.6402e-26
4.062 4.9802e-26
4.064 3.6094e-26
4.066 2.4871e-26
4.068 1.7485e-26
4.07 1.2778e-26
4.072 9.7064e-27
4.074 7.6317e-27
4.076 6.0769e-27
4.078 4.953e-27
4.08 4.121e-27
4.082 3.488e-27
4.084 2.9972e-27
4.086 2.6092e-27
4.088 2.298e-27
4.09 2.0439e-27
4.092 1.8349e-27
4.094 1.6611e-27
4.096 1.5149e-27
4.098 1.3912e-27
4.1 1.2852e-27
4.102 1.1948e-27
4.104 1.1163e-27
4.106 1.0492e-27
4.108 9.9062e-28
4.11 9.3908e-28
4.112 8.9464e-28
4.114 8.5587e-28
4.116 8.2281e-28
4.118 7.9328e-28
4.12 7.6804e-28
4.122 7.4636e-28
4.124 7.2826e-28
4.126 7.1281e-28
4.128 7.003e-28
4.13 6.9053e-28
4.132 6.8321e-28
4.134 6.7843e-28
4.136 6.7604e-28
4.138 6.7605e-28
4.14 6.7847e-28
4.142 6.8338e-28
4.144 6.9078e-28
4.146 7.0091e-28
4.148 7.1392e-28
4.15 7.2996e-28
4.152 7.4941e-28
4.154 7.7221e-28
4.156 7.9947e-28
4.158 8.312e-28
4.16 8.6816e-28
4.162 9.1183e-28
4.164 9.6149e-28
4.166 1.0201e-27
4.168 1.0878e-27
4.17 1.1674e-27
4.172 1.2605e-27
4.174 1.3709e-27
4.176 1.5023e-27
4.178 1.6593e-27
4.18 1.8493e-27
4.182 2.0815e-27
4.184 2.3686e-27
4.186 2.7279e-27
4.188 3.1844e-27
4.19 3.7682e-27
4.192 4.5419e-27
4.194 5.5923e-27
4.196 7.0613e-27
4.198 9.1806e-27
4.2 1.237e-26
4.202 1.7328e-26
4.204 2.5263e-26
4.206 3.761e-26
4.208 5.3302e-26
4.21 6.2057e-26
4.212 5.3782e-26
4.214 3.8299e-26
4.216 2.5953e-26
4.218 1.7961e-26
4.22 1.2929e-26
4.222 9.6814e-27
4.224 7.5045e-27
4.226 5.9911e-27
4.228 4.9032e-27
4.23 4.0978e-27
4.232 3.4862e-27
4.234 3.0119e-27
4.236 2.6368e-27
4.238 2.3361e-27
4.24 2.0915e-27
4.242 1.8894e-27
4.244 1.7215e-27
4.246 1.5802e-27
4.248 1.4601e-27
4.25 1.3575e-27
4.252 1.2694e-27
4.254 1.1934e-27
4.256 1.1266e-27
4.258 1.0689e-27
4.26 1.0181e-27
4.262 9.7332e-28
4.264 9.3392e-28
4.266 8.9911e-28
4.268 8.6888e-28
4.27 8.4171e-28
4.272 8.1759e-28
4.274 7.9577e-28
4.276 7.7694e-28
4.278 7.6027e-28
4.28 7.4559e-28
4.282 7.3268e-28
4.284 7.2138e-28
4.286 7.1163e-28
4.288 7.0327e-28
4.29 6.9623e-28
4.292 6.9036e-28
4.294 6.8565e-28
4.296 6.8195e-28
4.298 6.7927e-28
4.3 6.7752e-28
4.302 6.7625e-28
4.304 6.756e-28
4.306 6.7574e-28
4.308 6.7676e-28
4.31 6.7848e-28
4.312 6.81e-28
4.314 6.8431e-28
4.316 6.8835e-28
4.318 6.931e-28
4.32 6.9858e-28
4.322 7.0487e-28
4.324 7.1188e-28
4.326 7.1962e-28
4.328 7.2809e-28
4.33 7.3737e-28
4.332 7.4747e-28
4.334 7.5839e-28
4.336 7.7012e-28
4.338 7.8276e-28
4.34 7.963e-28
4.342 8.1115e-28
4.344 8.2635e-28
4.346 8.4237e-28
4.348 8.6004e-28
4.35 8.7935e-28
4.352 8.9869e-28
4.354 9.1967e-28
4.356 9.4231e-28
4.358 9.6661e-28
4.36 9.9176e-28
4.362 1.0194e-27
4.364 1.0479e-27
4.366 1.0788e-27
4.368 1.1115e-27
4.37 1.1458e-27
4.372 1.1834e-27
4.374 1.2228e-27
4.376 1.2646e-27
4.378 1.3098e-27
4.38 1.3583e-27
4.382 1.4102e-27
4.384 1.4663e-27
4.386 1.5257e-27
4.388 1.5902e-27
4.39 1.6588e-27
4.392 1.7342e-27
4.394 1.8146e-27
4.396 1.9018e-27
4.398 1.9973e-27
4.4 2.1004e-27
4.402 2.2127e-27
4.404 2.3352e-27
4.406 2.4694e-27
4.408 2.6171e-27
4.41 2.7791e-27
4.412 2.9588e-27
4.414 3.157e-27
4.416 3.3746e-27
4.418 3.6176e-27
4.42 3.8892e-27
4.422 4.1937e-27
4.424 4.5371e-27
4.426 4.9252e-27
4.428 5.3648e-27
4.43 5.867e-27
4.432 6.4419e-27
4.434 7.103e-27
4.436 7.8674e-27
4.438 8.7538e-27
4.44 9.7841e-27
4.442 1.0992e-26
4.444 1.2404e-26
4.446 1.4063e-26
4.448 1.5993e-26
4.45 1.8229e-26
4.452 2.079e-26
4.454 2.365e-26
4.456 2.6735e-26
4.458 2.9867e-26
4.46 3.2775e-26
4.462 3.5088e-26
4.464 3.6448e-26
4.466 3.6606e-26
4.468 3.5551e-26
4.47 3.3509e-26
4.472 3.0852e-26
4.474 2.7927e-26
4.476 2.503e-26
4.478 2.2342e-26
4.48 1.9956e-26
4.482 1.789e-26
4.484 1.6154e-26
4.486 1.4722e-26
4.488 1.358e-26
4.49 1.2692e-26
4.492 1.2051e-26
4.494 1.1667e-26
4.496 1.1548e-26
4.498 1.1755e-26
4.5 1.2358e-26
4.502 1.3522e-26
4.504 1.5523e-26
4.506 1.8838e-26
4.508 2.4333e-26
4.51 3.3309e-26
4.512 4.6518e-26
4.514 5.9333e-26
4.516 5.9356e-26
4.518 4.6495e-26
4.52 3.3084e-26
4.522 2.3842e-26
4.524 1.8068e-26
4.526 1.4466e-26
4.528 1.2207e-26
4.53 1.0807e-26
4.532 1.0014e-26
4.534 9.708e-27
4.536 9.8644e-27
4.538 1.0563e-26
4.54 1.1988e-26
4.542 1.4527e-26
4.544 1.8839e-26
4.546 2.5745e-26
4.548 3.4591e-26
4.55 3.9449e-26
4.552 3.4516e-26
4.554 2.5504e-26
4.556 1.836e-26
4.558 1.3751e-26
4.56 1.087e-26
4.562 9.0526e-27
4.564 7.8767e-27
4.566 7.116e-27
4.568 6.6398e-27
4.57 6.3734e-27
4.572 6.2803e-27
4.574 6.3457e-27
4.576 6.5753e-27
4.578 6.999e-27
4.58 7.6721e-27
4.582 8.7004e-27
4.584 1.0264e-26
4.586 1.2696e-26
4.588 1.655e-26
4.59 2.2703e-26
4.592 3.1634e-26
4.594 4.0312e-26
4.596 4.0604e-26
4.598 3.2454e-26
4.6 2.3986e-26
4.602 1.8302e-26
4.604 1.496e-26
4.606 1.3122e-26
4.608 1.2279e-26
4.61 1.2136e-26
4.612 1.2577e-26
4.614 1.3606e-26
4.616 1.5312e-26
4.618 1.7887e-26
4.62 2.1713e-26
4.622 2.7398e-26
4.624 3.5887e-26
4.626 4.8473e-26
4.628 6.5854e-26
4.63 8.475e-26
4.632 9.411e-26
4.634 8.5438e-26
4.636 6.7072e-26
4.638 5.0123e-26
4.64 3.8e-26
4.642 3.0094e-26
4.644 2.5285e-26
4.646 2.2841e-26
4.648 2.2576e-26
4.65 2.4998e-26
4.652 3.1494e-26
4.654 4.287e-26
4.656 5.0435e-26
4.658 4.159e-26
4.66 2.8703e-26
4.662 2.0405e-26
4.664 1.5743e-26
4.666 1.3079e-26
4.668 1.1534e-26
4.67 1.0658e-26
4.672 1.0233e-26
4.674 1.0167e-26
4.676 1.0434e-26
4.678 1.1089e-26
4.68 1.2281e-26
4.682 1.4336e-26
4.684 1.8089e-26
4.686 2.5723e-26
4.688 4.3666e-26
4.69 8.1857e-26
4.692 8.3073e-26
4.694 4.7134e-26
4.696 3.1527e-26
4.698 2.6588e-26
4.7 2.6105e-26
4.702 2.8149e-26
4.704 3.2297e-26
4.706 3.8768e-26
4.708 4.8146e-26
4.71 6.1104e-26
4.712 7.7752e-26
4.714 9.5765e-26
4.716 1.0878e-25
4.718 1.0896e-25
4.72 9.6268e-26
4.722 7.8361e-26
4.724 6.1659e-26
4.726 4.8489e-26
4.728 3.8767e-26
4.73 3.1735e-26
4.732 2.6654e-26
4.734 2.2992e-26
4.736 2.0364e-26
4.738 1.8535e-26
4.74 1.7357e-26
4.742 1.6783e-26
4.744 1.6881e-26
4.746 1.7871e-26
4.748 2.0419e-26
4.75 2.6343e-26
4.752 4.11e-26
4.754 7.309e-26
4.756 7.3621e-26
4.758 4.2498e-26
4.76 2.856e-26
4.762 2.3486e-26
4.764 2.1851e-26
4.766 2.181e-26
4.768 2.2659e-26
4.77 2.4074e-26
4.772 2.5826e-26
4.774 2.7676e-26
4.776 2.9356e-26
4.778 3.0579e-26
4.78 3.112e-26
4.782 3.0865e-26
4.784 2.9926e-26
4.786 2.8523e-26
4.788 2.6935e-26
4.79 2.5431e-26
4.792 2.4225e-26
4.794 2.346e-26
4.796 2.3275e-26
4.798 2.3824e-26
4.8 2.5304e-26
4.802 2.7977e-26
4.804 3.2195e-26
4.806 3.8195e-26
4.808 4.5612e-26
4.81 5.2505e-26
4.812 5.5276e-26
4.814 5.1775e-26
4.816 4.4072e-26
4.818 3.5734e-26
4.82 2.871e-26
4.822 2.3344e-26
4.824 1.9386e-26
4.826 1.6478e-26
4.828 1.4329e-26
4.83 1.2715e-26
4.832 1.15e-26
4.834 1.0577e-26
4.836 9.8783e-27
4.838 9.3593e-27
4.84 8.9899e-27
4.842 8.7488e-27
4.844 8.6243e-27
4.846 8.6129e-27
4.848 8.7178e-27
4.85 8.9509e-27
4.852 9.3324e-27
4.854 9.904e-27
4.856 1.0712e-26
4.858 1.1847e-26
4.86 1.3459e-26
4.862 1.5776e-26
4.864 1.9216e-26
4.866 2.4487e-26
4.868 3.2811e-26
4.87 4.6035e-26
4.872 6.5241e-26
4.874 8.3818e-26
4.876 8.4148e-26
4.878 6.615e-26
4.88 4.7378e-26
4.882 3.4554e-26
4.884 2.6653e-26
4.886 2.1847e-26
4.888 1.8914e-26
4.89 1.7177e-26
4.892 1.6228e-26
4.894 1.5869e-26
4.896 1.5971e-26
4.898 1.6494e-26
4.9 1.7409e-26
4.902 1.8768e-26
4.904 2.0612e-26
4.906 2.3051e-26
4.908 2.6229e-26
4.91 3.0339e-26
4.912 3.5614e-26
4.914 4.2339e-26
4.916 5.072e-26
4.918 6.073e-26
4.92 7.1664e-26
4.922 8.1692e-26
4.924 8.8029e-26
4.926 8.8294e-26
4.928 8.2455e-26
4.93 7.2852e-26
4.932 6.2282e-26
4.934 5.2601e-26
4.936 4.4523e-26
4.938 3.8122e-26
4.94 3.321e-26
4.942 2.9534e-26
4.944 2.6883e-26
4.946 2.5075e-26
4.948 2.4031e-26
4.95 2.371e-26
4.952 2.4136e-26
4.954 2.5422e-26
4.956 2.7816e-26
4.958 3.1741e-26
4.96 3.7947e-26
4.962 4.7796e-26
4.964 6.3635e-26
4.966 8.9251e-26
4.968 1.2794e-25
4.97 1.7064e-25
4.972 1.8127e-25
4.974 1.4718e-25
4.976 1.0499e-25
4.978 7.496e-26
4.98 5.667e-26
4.982 4.6219e-26
4.984 4.1049e-26
4.986 4.0084e-26
4.988 4.3416e-26
4.99 5.21e-26
4.992 6.6718e-26
4.994 8.1263e-26
4.996 8.0146e-26
4.998 6.3209e-26
5 4.5781e-26
5.002 3.3688e-26
5.004 2.6005e-26
5.006 2.1072e-26
5.008 1.7833e-26
5.01 1.5633e-26
5.012 1.413e-26
5.014 1.3105e-26
5.016 1.2434e-26
5.018 1.2045e-26
5.02 1.1896e-26
5.022 1.1978e-26
5.024 1.2301e-26
5.026 1.2876e-26
5.028 1.3777e-26
5.03 1.5089e-26
5.032 1.6972e-26
5.034 1.9677e-26
5.036 2.3618e-26
5.038 2.9556e-26
5.04 3.877e-26
5.042 5.341e-26
5.044 7.6073e-26
5.046 1.0477e-25
5.048 1.2116e-25
5.05 1.0739e-25
5.052 8.15e-26
5.054 6.2136e-26
5.056 5.1958e-26
5.058 4.932e-26
5.06 5.343e-26
5.062 6.3824e-26
5.064 7.5284e-26
5.066 7.5389e-26
5.068 6.4082e-26
5.07 5.3782e-26
5.072 4.9757e-26
5.074 5.2543e-26
5.076 6.3006e-26
5.078 8.2883e-26
5.08 1.0955e-25
5.082 1.2396e-25
5.084 1.0745e-25
5.086 7.8212e-26
5.088 5.4999e-26
5.09 3.9936e-26
5.092 3.0423e-26
5.094 2.4258e-26
5.096 2.0137e-26
5.098 1.728e-26
5.1 1.5258e-26
5.102 1.3804e-26
5.104 1.2746e-26
5.106 1.1989e-26
5.108 1.1468e-26
5.11 1.1141e-26
5.112 1.0976e-26
5.114 1.0951e-26
5.116 1.1066e-26
5.118 1.1334e-26
5.12 1.1753e-26
5.122 1.2357e-26
5.124 1.3178e-26
5.126 1.4272e-26
5.128 1.5748e-26
5.13 1.7737e-26
5.132 2.05e-26
5.134 2.442e-26
5.136 3.0219e-26
5.138 3.9109e-26
5.14 5.2906e-26
5.142 7.269e-26
5.144 9.2086e-26
5.146 9.408e-26
5.148 7.8683e-26
5.15 6.3003e-26
5.152 5.3652e-26
5.154 4.9711e-26
5.156 4.9503e-26
5.158 5.185e-26
5.16 5.5934e-26
5.162 6.0935e-26
5.164 6.5843e-26
5.166 6.9373e-26
5.168 7.0398e-26
5.17 6.8396e-26
5.172 6.3768e-26
5.174 5.7525e-26
5.176 5.0755e-26
5.178 4.4263e-26
5.18 3.8458e-26
5.182 3.3497e-26
5.184 2.9337e-26
5.186 2.5914e-26
5.188 2.3106e-26
5.19 2.0816e-26
5.192 1.8966e-26
5.194 1.7469e-26
5.196 1.6281e-26
5.198 1.5358e-26
5.2 1.4667e-26
5.202 1.4209e-26
5.204 1.3963e-26
5.206 1.3949e-26
5.208 1.4181e-26
5.21 1.4726e-26
5.212 1.5662e-26
5.214 1.7124e-26
5.216 1.9337e-26
5.218 2.2705e-26
5.22 2.7902e-26
5.222 3.6129e-26
5.224 4.9353e-26
5.226 6.9962e-26
5.228 9.6084e-26
5.23 1.1056e-25
5.232 9.6656e-26
5.234 7.0973e-26
5.236 5.0769e-26
5.238 3.8048e-26
5.24 3.0503e-26
5.242 2.6284e-26
5.244 2.4361e-26
5.246 2.4377e-26
5.248 2.6561e-26
5.25 3.19e-26
5.252 4.2933e-26
5.254 6.5341e-26
5.256 1.0603e-25
5.258 1.3753e-25
5.26 1.059e-25
5.262 6.4838e-26
5.264 4.194e-26
5.266 3.0336e-26
5.268 2.4332e-26
5.27 2.1311e-26
5.272 2.0198e-26
5.274 2.0621e-26
5.276 2.2662e-26
5.278 2.6906e-26
5.28 3.4441e-26
5.282 4.67e-26
5.284 6.2458e-26
5.286 7.1046e-26
5.288 6.2068e-26
5.29 4.581e-26
5.292 3.2911e-26
5.294 2.4578e-26
5.296 1.9365e-26
5.298 1.6028e-26
5.3 1.3833e-26
5.302 1.236e-26
5.304 1.1348e-26
5.306 1.0668e-26
5.308 1.0227e-26
5.31 9.9706e-27
5.312 9.865e-27
5.314 9.8919e-27
5.316 1.0042e-26
5.318 1.0318e-26
5.32 1.0724e-26
5.322 1.1278e-26
5.324 1.2006e-26
5.326 1.2939e-26
5.328 1.4152e-26
5.33 1.5702e-26
5.332 1.7717e-26
5.334 2.0385e-26
5.336 2.3962e-26
5.338 2.8879e-26
5.34 3.579e-26
5.342 4.5769e-26
5.344 6.0473e-26
5.346 8.2067e-26
5.348 1.1176e-25
5.35 1.4388e-25
5.352 1.5961e-25
5.354 1.4465e-25
5.356 1.1303e-25
5.358 8.375e-26
5.36 6.2515e-26
5.362 4.8194e-26
5.364 3.8633e-26
5.366 3.2212e-26
5.368 2.7893e-26
5.37 2.5036e-26
5.372 2.3291e-26
5.374 2.2447e-26
5.376 2.2473e-26
5.378 2.3475e-26
5.38 2.5748e-26
5.382 2.9885e-26
5.384 3.695e-26
5.386 4.8231e-26
5.388 6.2688e-26
5.39 7.093e-26
5.392 6.3804e-26
5.394 5.0441e-26
5.396 4.0384e-26
5.398 3.4812e-26
5.4 3.2631e-26
5.402 3.3101e-26
5.404 3.6156e-26
5.406 4.2405e-26
5.408 5.3386e-26
5.41 7.1577e-26
5.412 9.8429e-26
5.414 1.2449e-25
5.416 1.2492e-25
5.418 9.9369e-26
5.42 7.2901e-26
5.422 5.4936e-26
5.424 4.4032e-26
5.426 3.7579e-26
5.428 3.3876e-26
5.43 3.1961e-26
5.432 3.1299e-26
5.434 3.1605e-26
5.436 3.2737e-26
5.438 3.4697e-26
5.44 3.7498e-26
5.442 4.1286e-26
5.444 4.6254e-26
5.446 5.2669e-26
5.448 6.0905e-26
5.45 7.1423e-26
5.452 8.4671e-26
5.454 1.0086e-25
5.456 1.195e-25
5.458 1.3856e-25
5.46 1.5408e-25
5.462 1.6141e-25
5.464 1.5824e-25
5.466 1.4698e-25
5.468 1.3257e-25
5.47 1.1931e-25
5.472 1.0968e-25
5.474 1.0479e-25
5.476 1.0522e-25
5.478 1.1133e-25
5.48 1.2286e-25
5.482 1.3713e-25
5.484 1.4753e-25
5.486 1.464e-25
5.488 1.3336e-25
5.49 1.1618e-25
5.492 1.0134e-25
5.494 9.1387e-26
5.496 8.664e-26
5.498 8.702e-26
5.5 9.3013e-26
5.502 1.0617e-25
5.504 1.2972e-25
5.506 1.6976e-25
5.508 2.332e-25
5.51 3.1447e-25
5.512 3.613e-25
5.514 3.2292e-25
5.516 2.5042e-25
5.518 1.971e-25
5.52 1.6997e-25
5.522 1.6331e-25
5.524 1.7189e-25
5.526 1.9092e-25
5.528 2.1133e-25
5.53 2.1908e-25
5.532 2.0554e-25
5.534 1.7843e-25
5.536 1.5054e-25
5.538 1.2941e-25
5.54 1.1706e-25
5.542 1.1372e-25
5.544 1.1974e-25
5.546 1.3491e-25
5.548 1.5417e-25
5.55 1.6205e-25
5.552 1.4716e-25
5.554 1.201e-25
5.556 9.5654e-26
5.558 7.82e-26
5.56 6.6823e-26
5.562 5.9843e-26
5.564 5.6061e-26
5.566 5.4837e-26
5.568 5.5877e-26
5.57 5.9272e-26
5.572 6.5398e-26
5.574 7.4998e-26
5.576 8.9136e-26
5.578 1.0898e-25
5.58 1.3462e-25
5.582 1.6256e-25
5.584 1.8254e-25
5.586 1.8239e-25
5.588 1.6197e-25
5.59 1.3338e-25
5.592 1.0684e-25
5.594 8.5988e-26
5.596 7.0657e-26
5.598 5.9638e-26
5.6 5.181e-26
5.602 4.6298e-26
5.604 4.2527e-26
5.606 4.0148e-26
5.608 3.8925e-26
5.61 3.8796e-26
5.612 3.975e-26
5.614 4.1942e-26
5.616 4.565e-26
5.618 5.1332e-26
5.62 5.9648e-26
5.622 7.1424e-26
5.624 8.7298e-26
5.626 1.0643e-25
5.628 1.2414e-25
5.63 1.3187e-25
5.632 1.2433e-25
5.634 1.0672e-25
5.636 8.7584e-26
5.638 7.1623e-26
5.64 5.9696e-26
5.642 5.1226e-26
5.644 4.5354e-26
5.646 4.1422e-26
5.648 3.8962e-26
5.65 3.7685e-26
5.652 3.7439e-26
5.654 3.8187e-26
5.656 3.9969e-26
5.658 4.2954e-26
5.66 4.7437e-26
5.662 5.3894e-26
5.664 6.3044e-26
5.666 7.5851e-26
5.668 9.3321e-26
5.67 1.1563e-25
5.672 1.3973e-25
5.674 1.5712e-25
5.676 1.576e-25
5.678 1.4099e-25
5.68 1.1765e-25
5.682 9.5977e-26
5.684 7.9091e-26
5.686 6.6858e-26
5.688 5.8268e-26
5.69 5.2373e-26
5.692 4.8432e-26
5.694 4.5957e-26
5.696 4.4615e-26
5.698 4.4213e-26
5.7 4.4613e-26
5.702 4.5749e-26
5.704 4.7612e-26
5.706 5.0226e-26
5.708 5.3647e-26
5.71 5.7965e-26
5.712 6.3325e-26
5.714 6.991e-26
5.716 7.7918e-26
5.718 8.7595e-26
5.72 9.9194e-26
5.722 1.1292e-25
5.724 1.2883e-25
5.726 1.4653e-25
5.728 1.6536e-25
5.73 1.833e-25
5.732 1.9787e-25
5.734 2.0633e-25
5.736 2.0684e-25
5.738 1.9925e-25
5.74 1.8551e-25
5.742 1.6836e-25
5.744 1.504e-25
5.746 1.3334e-25
5.748 1.1807e-25
5.75 1.05e-25
5.752 9.4057e-26
5.754 8.5086e-26
5.756 7.7824e-26
5.758 7.2051e-26
5.76 6.7558e-26
5.762 6.4191e-26
5.764 6.182e-26
5.766 6.0341e-26
5.768 5.9716e-26
5.77 5.9919e-26
5.772 6.0941e-26
5.774 6.2846e-26
5.776 6.5678e-26
5.778 6.9555e-26
5.78 7.4599e-26
5.782 8.097e-26
5.784 8.8828e-26
5.786 9.8349e-26
5.788 1.0963e-25
5.79 1.2255e-25
5.792 1.3675e-25
5.794 1.5128e-25
5.796 1.6476e-25
5.798 1.756e-25
5.8 1.822e-25
5.802 1.8443e-25
5.804 1.832e-25
5.806 1.8077e-25
5.808 1.7993e-25
5.81 1.8349e-25
5.812 1.9412e-25
5.814 2.1342e-25
5.816 2.3994e-25
5.818 2.6503e-25
5.82 2.7251e-25
5.822 2.5276e-25
5.824 2.1507e-25
5.826 1.7506e-25
5.828 1.4144e-25
5.83 1.1574e-25
5.832 9.6593e-26
5.834 8.2411e-26
5.836 7.1849e-26
5.838 6.3931e-26
5.84 5.7992e-26
5.842 5.359e-26
5.844 5.0448e-26
5.846 4.8377e-26
5.848 4.7313e-26
5.85 4.7245e-26
5.852 4.828e-26
5.854 5.061e-26
5.856 5.4574e-26
5.858 6.07e-26
5.86 6.9747e-26
5.862 8.264e-26
5.864 1.001e-25
5.866 1.2117e-25
5.868 1.4066e-25
5.87 1.4899e-25
5.872 1.404e-25
5.874 1.2044e-25
5.876 9.8874e-26
5.878 8.0877e-26
5.88 6.7406e-26
5.882 5.779e-26
5.884 5.1124e-26
5.886 4.668e-26
5.888 4.3945e-26
5.89 4.2662e-26
5.892 4.2685e-26
5.894 4.4056e-26
5.896 4.6954e-26
5.898 5.1777e-26
5.9 5.9075e-26
5.902 6.9601e-26
5.904 8.3906e-26
5.906 1.0121e-25
5.908 1.1726e-25
5.91 1.2423e-25
5.912 1.1751e-25
5.914 1.0162e-25
5.916 8.4432e-26
5.918 7.0169e-26
5.92 5.9647e-26
5.922 5.2325e-26
5.924 4.7466e-26
5.926 4.4469e-26
5.928 4.2954e-26
5.93 4.2688e-26
5.932 4.3563e-26
5.934 4.5636e-26
5.936 4.902e-26
5.938 5.4019e-26
5.94 6.1104e-26
5.942 7.097e-26
5.944 8.4667e-26
5.946 1.0361e-25
5.948 1.2927e-25
5.95 1.6197e-25
5.952 1.9745e-25
5.954 2.2384e-25
5.956 2.2686e-25
5.958 2.0662e-25
5.96 1.7791e-25
5.962 1.5319e-25
5.964 1.3746e-25
5.966 1.3157e-25
5.968 1.3503e-25
5.97 1.4656e-25
5.972 1.6248e-25
5.974 1.7369e-25
5.976 1.7002e-25
5.978 1.5132e-25
5.98 1.2683e-25
5.982 1.0458e-25
5.984 8.7433e-26
5.986 7.5202e-26
5.988 6.6951e-26
5.99 6.1847e-26
5.992 5.935e-26
5.994 5.924e-26
5.996 6.1649e-26
5.998 6.7053e-26
6 7.6482e-26
6.002 9.1616e-26
6.004 1.148e-25
6.006 1.4728e-25
6.008 1.8284e-25
6.01 2.0062e-25
6.012 1.8494e-25
6.014 1.5148e-25
6.016 1.2121e-25
6.018 1.006e-25
6.02 8.8606e-26
6.022 8.3174e-26
6.024 8.2964e-26
6.026 8.75e-26
6.028 9.709e-26
6.03 1.1269e-25
6.032 1.3576e-25
6.034 1.6744e-25
6.036 2.058e-25
6.038 2.415e-25
6.04 2.5704e-25
6.042 2.4206e-25
6.044 2.0706e-25
6.046 1.6912e-25
6.048 1.3805e-25
6.05 1.1558e-25
6.052 1.0067e-25
6.054 9.1896e-26
6.056 8.8298e-26
6.058 8.9502e-26
6.06 9.5732e-26
6.062 1.0763e-25
6.064 1.2571e-25
6.066 1.4868e-25
6.068 1.701e-25
6.07 1.7878e-25
6.072 1.6772e-25
6.074 1.4364e-25
6.076 1.1787e-25
6.078 9.6404e-26
6.08 8.0444e-26
6.082 6.916e-26
6.084 6.1488e-26
6.086 5.6574e-26
6.088 5.3858e-26
6.09 5.306e-26
6.092 5.411e-26
6.094 5.719e-26
6.096 6.2762e-26
6.098 7.1694e-26
6.1 8.5428e-26
6.102 1.0629e-25
6.104 1.374e-25
6.106 1.8046e-25
6.108 2.2778e-25
6.11 2.5284e-25
6.112 2.3618e-25
6.114 1.9824e-25
6.116 1.6632e-25
6.118 1.4924e-25
6.12 1.463e-25
6.122 1.533e-25
6.124 1.6296e-25
6.126 1.645e-25
6.128 1.5148e-25
6.13 1.2886e-25
6.132 1.0549e-25
6.134 8.6324e-26
6.136 7.2198e-26
6.138 6.2454e-26
6.14 5.6308e-26
6.142 5.334e-26
6.144 5.362e-26
6.146 5.7932e-26
6.148 6.7774e-26
6.15 8.3986e-26
6.152 9.9974e-26
6.154 9.8658e-26
6.156 7.9912e-26
6.158 6.0704e-26
6.16 4.746e-26
6.162 3.913e-26
6.164 3.3936e-26
6.166 3.0702e-26
6.168 2.877e-26
6.17 2.7748e-26
6.172 2.751e-26
6.174 2.7986e-26
6.176 2.9302e-26
6.178 3.1724e-26
6.18 3.5812e-26
6.182 4.2812e-26
6.184 5.544e-26
6.186 7.945e-26
6.188 1.2186e-25
6.19 1.5512e-25
6.192 1.2548e-25
6.194 8.6814e-26
6.196 6.6948e-26
6.198 5.9206e-26
6.2 5.8212e-26
6.202 6.188e-26
6.204 6.9972e-26
6.206 8.337e-26
6.208 1.0417e-25
6.21 1.3531e-25
6.212 1.7836e-25
6.214 2.2526e-25
6.216 2.4892e-25
6.218 2.289e-25
6.22 1.8578e-25
6.222 1.4644e-25
6.224 1.1921e-25
6.226 1.0262e-25
6.228 9.3758e-26
6.23 9.0482e-26
6.232 9.1644e-26
6.234 9.674e-26
6.236 1.0577e-25
6.238 1.191e-25
6.24 1.3735e-25
6.242 1.6128e-25
6.244 1.911e-25
6.246 2.2596e-25
6.248 2.6138e-25
6.25 2.898e-25
6.252 3.017e-25
6.254 2.9274e-25
6.256 2.674e-25
6.258 2.3534e-25
6.26 2.0468e-25
6.262 1.8004e-25
6.264 1.6296e-25
6.266 1.5414e-25
6.268 1.5372e-25
6.27 1.6212e-25
6.272 1.7878e-25
6.274 1.995e-25
6.276 2.1336e-25
6.278 2.079e-25
6.28 1.8284e-25
6.282 1.5022e-25
6.4 1.6986e-25
6.6 1.9144e-25
6.8 2.1435e-25
7 2.3211e-25
7.2 2.4548e-25
7.4 2.7783e-25
7.6 3.1119e-25
7.8 3.3715e-25
8 3.5658e-25
8.2 3.7265e-25
8.4 3.8513e-25
8.6 4.0051e-25
8.8 4.2568e-25
9 4.4275e-25
9.5 4.7523e-25
10 5.2601e-25
10.5 5.5544e-25
11 5.9409e-25
11.5 6.1296e-25
12 6.2924e-25
12.5 6.4824e-25
13 6.6172e-25
13.5 6.7992e-25
13.757 6.8615e-25
14 6.9205e-25
14.5 7.0958e-25
15 7.3361e-25
