1e-11 0
0.8 0
0.9 2e-30
1.29412 2.43151e-29
1.429 3.70005e-29
1.443 7.71e-28
1.454 8.63e-28
1.476 1.99997e-28
1.5 5.55e-29
1.524 4.93e-29
1.574 9.87e-29
1.613 2.15997e-28
1.639 4.01002e-28
1.671 4.37001e-28
1.727 1.32996e-27
1.746 2.31002e-27
1.769 3.17002e-27
1.8 1.61e-27
1.83 6.17004e-28
1.853 1.38996e-27
1.884 1.23004e-27
1.917 1.08001e-27
1.944 3.55003e-27
1.966 8.63e-27
1.986 5.08996e-27
2 4.31995e-27
2.026 9.25001e-27
2.046 5.55002e-27
2.07 6.31999e-27
2.08 7.152e-27
2.09 7.98501e-27
2.1 8.81696e-27
2.11 9.65003e-27
2.12 1.04819e-26
2.13 1.13148e-26
2.14 1.21466e-26
2.15 1.69008e-26
2.16 2.27497e-26
2.17 2.78761e-26
2.18 2.92902e-26
2.19 2.63024e-26
2.2 2.1369e-26
2.21 1.67319e-26
2.22 1.30749e-26
2.23 1.03805e-26
2.24 8.4259e-27
2.25 7.00449e-27
2.26 5.96886e-27
2.27 5.23476e-27
2.28 4.81856e-27
2.29 5.29045e-27
2.3 1.31504e-26
2.31 4.75979e-27
2.32 3.66549e-27
2.33 3.44336e-27
2.34 3.56348e-27
2.35 4.22775e-27
2.36 6.75854e-27
2.37 2.11003e-26
2.38 2.12175e-26
2.39 8.1678e-27
2.4 8.04281e-27
2.41 1.79402e-26
2.42 1.74371e-26
2.43 6.97334e-27
2.44 4.47615e-27
2.45 3.80347e-27
2.46 3.86213e-27
2.47 4.70967e-27
2.48 7.54152e-27
2.49 1.61119e-26
2.5 1.58477e-26
2.51 7.72772e-27
2.52 4.98123e-27
2.53 4.05591e-27
2.54 3.75866e-27
2.55 3.75767e-27
2.56 3.95244e-27
2.57 4.32303e-27
2.58 4.89279e-27
2.59 5.72323e-27
2.6 6.92356e-27
2.61 8.64744e-27
2.62 1.12195e-26
2.63 1.51118e-26
2.64 2.09508e-26
2.65 2.89892e-26
2.66 3.72868e-26
2.67 4.04785e-26
2.68 3.59321e-26
2.69 2.81e-26
2.7 2.12138e-26
2.71 1.62576e-26
2.72 1.28814e-26
2.73 1.05842e-26
2.74 9.00342e-27
2.75 7.90303e-27
2.76 7.13496e-27
2.77 6.60687e-27
2.78 6.26118e-27
2.79 6.06264e-27
2.8 5.99249e-27
2.81 6.02356e-27
2.82 6.18227e-27
2.83 6.49027e-27
2.84 6.99389e-27
2.85 7.78684e-27
2.86 9.06813e-27
2.87 1.13254e-26
2.88 1.60149e-26
2.89 2.83407e-26
2.9 4.85914e-26
2.91 3.7877e-26
2.92 4.05215e-26
2.93 6.29648e-26
2.94 8.49872e-26
2.95 6.31517e-26
2.96 4.12981e-26
2.97 3.27134e-26
2.98 3.15508e-26
2.99 3.53741e-26
3 4.44016e-26
3.01 6.02573e-26
3.02 8.42541e-26
3.03 1.08373e-25
3.04 1.13305e-25
3.05 1.0383e-25
3.06 1.07046e-25
3.07 1.33645e-25
3.08 1.26703e-25
3.09 8.67062e-26
3.1 6.67473e-26
3.11 6.3127e-26
3.12 6.91359e-26
3.13 7.88402e-26
3.14 8.25205e-26
3.15 7.48936e-26
3.16 6.30899e-26
3.17 5.57134e-26
3.18 5.8127e-26
3.19 7.14473e-26
3.2 6.64998e-26
3.21 4.42867e-26
3.22 3.0961e-26
3.23 2.41931e-26
3.24 2.04729e-26
3.25 1.8286e-26
3.26 1.69883e-26
3.27 1.62901e-26
3.28 1.60623e-26
3.29 1.62695e-26
3.3 1.69526e-26
3.31 1.82493e-26
3.32 2.04481e-26
3.33 2.41367e-26
3.34 3.05068e-26
3.35 4.17294e-26
3.36 5.91113e-26
3.37 7.18564e-26
3.38 6.63552e-26
3.39 5.93113e-26
3.4 6.15684e-26
3.41 7.07588e-26
3.42 7.57196e-26
3.43 6.76202e-26
3.44 5.52219e-26
3.45 4.6806e-26
3.46 4.35675e-26
3.47 4.54863e-26
3.48 5.41758e-26
3.49 7.21065e-26
3.5 8.62946e-26
3.51 7.45979e-26
3.52 6.05848e-26
3.53 5.54162e-26
3.54 5.65431e-26
3.55 6.21464e-26
3.56 7.17576e-26
3.57 8.53052e-26
3.58 1.0194e-25
3.59 1.1871e-25
3.6 1.3116e-25
3.61 1.3752e-25
3.62 1.40597e-25
3.63 1.42115e-25
3.64 1.38551e-25
3.65 1.27426e-25
3.66 1.13216e-25
3.67 1.0182e-25
3.68 9.59509e-26
3.69 9.6447e-26
3.7 1.0406e-25
3.71 1.20085e-25
3.72 1.45062e-25
3.73 1.73251e-25
3.74 1.87447e-25
3.75 1.7653e-25
3.76 1.54045e-25
3.77 1.35994e-25
3.78 1.27147e-25
3.79 1.26773e-25
3.8 1.32601e-25
3.81 1.41079e-25
3.82 1.46921e-25
3.83 1.45557e-25
3.84 1.37015e-25
3.85 1.25418e-25
3.86 1.14615e-25
3.87 1.06375e-25
3.88 1.0096e-25
3.89 9.80175e-26
3.9 9.70911e-26
3.91 9.77928e-26
3.92 9.98236e-26
3.93 1.0297e-25
3.94 1.07063e-25
3.95 1.12018e-25
3.96 1.17799e-25
3.97 1.24429e-25
3.98 1.32107e-25
3.99 1.4124e-25
4 1.52519e-25
4.01 1.66825e-25
4.02 1.84836e-25
4.03 2.03244e-25
4.04 2.11592e-25
4.05 2.0245e-25
4.06 1.83804e-25
4.07 1.65819e-25
4.08 1.51612e-25
4.09 1.40704e-25
4.1 1.32181e-25
4.11 1.25428e-25
4.12 1.20172e-25
4.13 1.16496e-25
4.14 1.14861e-25
4.15 1.16344e-25
4.16 1.23227e-25
4.17 1.39747e-25
4.18 1.68404e-25
4.19 1.86419e-25
4.2 1.62161e-25
4.21 1.28025e-25
4.22 1.05672e-25
4.23 9.27088e-26
4.24 8.51186e-26
4.25 8.07646e-26
4.26 7.86998e-26
4.27 7.86458e-26
4.28 8.07873e-26
4.29 8.57205e-26
4.3 9.4377e-26
4.31 1.07207e-25
4.32 1.21354e-25
4.33 1.27667e-25
4.34 1.19839e-25
4.35 1.04839e-25
4.36 9.13461e-26
4.37 8.18835e-26
4.38 7.60102e-26
4.39 7.30264e-26
4.4 7.28858e-26
4.41 7.68104e-26
4.42 8.53464e-26
4.43 8.48459e-26
4.44 7.5688e-26
4.45 7.07291e-26
4.46 6.89568e-26
4.47 6.87004e-26
4.48 6.9251e-26
4.49 7.03127e-26
4.5 7.17631e-26
4.51 7.34476e-26
4.52 7.54925e-26
4.52361 7.63876e-26
4.53 7.80211e-26
4.54 8.12003e-26
4.55 8.54118e-26
4.56 9.162e-26
4.57 1.02177e-25
4.58 1.21521e-25
4.59 1.41217e-25
4.6 1.36483e-25
4.61 1.35821e-25
4.62 1.45928e-25
4.63 1.43517e-25
4.64 1.27102e-25
4.65 1.14294e-25
4.66 1.0748e-25
4.67 1.0448e-25
4.68 1.0405e-25
4.69 1.0624e-25
4.7 1.12766e-25
4.71 1.28428e-25
4.72 1.55856e-25
4.73 1.56571e-25
4.74 1.32053e-25
4.75 1.20924e-25
4.76 1.20925e-25
4.77 1.24215e-25
4.78 1.20937e-25
4.79 1.10719e-25
4.8 1.0105e-25
4.81 9.47336e-26
4.82 9.14761e-26
4.83 9.09543e-26
4.84 9.36679e-26
4.85 1.0147e-25
4.86 1.1763e-25
4.87 1.39023e-25
4.88 1.38686e-25
4.89 1.1736e-25
4.9 1.0168e-25
4.91 9.45726e-26
4.92 9.29986e-26
4.93 9.53512e-26
4.94 1.01301e-25
4.95 1.11309e-25
4.96 1.26311e-25
4.97 1.47232e-25
4.98 1.74065e-25
4.99 2.04505e-25
5 2.31608e-25
5.01 2.37455e-25
5.02 2.10182e-25
5.03 1.71973e-25
5.04 1.42284e-25
5.05 1.2323e-25
5.06 1.1213e-25
5.07 1.0677e-25
5.08 1.0597e-25
5.09 1.0937e-25
5.1 1.173e-25
5.11 1.30443e-25
5.11891 1.47126e-25
5.12 1.49167e-25
5.13 1.71989e-25
5.14 1.95472e-25
5.15 2.19324e-25
5.16 2.44978e-25
5.17 2.5602e-25
5.18 2.34372e-25
5.19 2.01537e-25
5.2 1.78221e-25
5.21 1.66115e-25
5.22 1.61874e-25
5.23 1.62903e-25
5.24 1.68012e-25
5.25 1.77363e-25
5.26 1.9187e-25
5.27 2.09302e-25
5.28 2.15423e-25
5.29 1.97767e-25
5.3 1.85002e-25
5.4 2.07861e-25
5.41315 2.09265e-25
5.6 2.29213e-25
5.8 2.44621e-25
6 2.5566e-25
6.2 2.63524e-25
6.2199 2.64094e-25
6.4 2.69249e-25
6.6 2.73825e-25
6.8 2.77958e-25
7 2.8231e-25
7.2 2.87376e-25
7.4 2.93396e-25
7.6 3.00439e-25
7.8 3.08586e-25
8 3.1791e-25
8.2 3.28451e-25
8.4 3.40279e-25
8.6 3.53433e-25
8.8 3.68023e-25
9 3.84114e-25
9.2 4.01596e-25
9.4 4.19856e-25
9.6 4.38119e-25
9.8 4.55623e-25
10 4.71588e-25
10.2 4.85472e-25
10.4 4.97457e-25
10.6 5.07895e-25
10.8 5.17259e-25
11 5.2591e-25
11.2 5.34173e-25
11.4 5.42076e-25
11.6 5.49577e-25
11.8 5.56646e-25
12 5.63236e-25
12.2 5.69336e-25
12.4 5.74971e-25
12.6 5.80221e-25
12.8 5.85078e-25
13 5.89652e-25
13.2 5.9395e-25
13.4 5.97991e-25
13.6 6.01783e-25
13.8 6.05334e-25
14 6.0864e-25
14.2 6.11739e-25
14.4 6.14602e-25
14.6 6.17259e-25
14.8 6.19666e-25
15 6.21824e-25
