2.3629 0
2.5 3.312e-28
3 4.2345e-27
3.06873 5.42511e-27
3.15832 9.01608e-27
3.4415 2.38874e-26
3.5 2.73636e-26
4 6.17537e-26
4.21294 7.61456e-26
4.5 9.75997e-26
4.70787 1.07493e-25
4.72603 1.08893e-25
4.76489 1.13346e-25
5 1.47318e-25
5.04032 1.50869e-25
5.47617 2.02742e-25
5.5 2.0651e-25
5.95741 2.49225e-25
6 2.54775e-25
6.06759 2.58449e-25
6.5 2.91601e-25
6.62329 2.9584e-25
6.8509 3.1008e-25
7 3.20374e-25
7.13541 3.24352e-25
7.29158 3.30703e-25
7.5 3.44243e-25
7.56399 3.44743e-25
7.59183 3.45329e-25
7.64147 3.46832e-25
7.77344 3.52576e-25
7.84002 3.56955e-25
7.91145 3.61834e-25
7.95867 3.65945e-25
8 3.70085e-25
8.06521 3.71717e-25
8.14027 3.74824e-25
8.49137 3.94027e-25
8.5 3.94753e-25
8.53738 3.95418e-25
8.61728 3.98035e-25
8.80009 4.05554e-25
9 4.256e-25
9.5 4.426e-25
10 4.657e-25
10.5 4.775e-25
10.5221 4.77925e-25
10.6 4.79433e-25
10.7 4.8139e-25
10.8 4.83372e-25
10.9 4.85378e-25
11 4.87408e-25
11.1 4.89417e-25
11.2 4.91868e-25
11.3 4.94872e-25
11.4 4.98542e-25
11.5 5.02989e-25
11.6 5.03788e-25
11.7 5.05443e-25
11.8 5.07923e-25
11.9 5.11196e-25
12 5.15228e-25
12.1 5.16682e-25
12.2 5.187e-25
12.3 5.21119e-25
12.4 5.23775e-25
12.5 5.26504e-25
12.6 5.23315e-25
12.63 5.2234e-25
12.7 5.20064e-25
12.8 5.1678e-25
12.9 5.1349e-25
13 5.10224e-25
13.1 5.1146e-25
13.2 5.12679e-25
13.3 5.1381e-25
13.4 5.14785e-25
13.5 5.15535e-25
13.6 5.15667e-25
13.7 5.15556e-25
13.8 5.15254e-25
13.9 5.14812e-25
14 5.14284e-25
14.1 5.1451e-25
14.2 5.14715e-25
14.3 5.14912e-25
14.4 5.15115e-25
14.5 5.15338e-25
14.6 5.14515e-25
14.7 5.1374e-25
14.8 5.13028e-25
14.9 5.12393e-25
15 5.11849e-25
