11.3376 0
11.35 7.25e-29
11.375 2.883e-28
11.4 5.7209e-28
11.425 8.8563e-28
11.45 1.2001e-27
11.475 1.4962e-27
11.5 1.7643e-27
11.525 2.0032e-27
11.55 2.2178e-27
11.575 2.416e-27
11.6 2.6074e-27
11.625 2.8009e-27
11.65 3.0036e-27
11.675 3.2198e-27
11.7 3.4501e-27
11.725 3.6912e-27
11.75 3.9361e-27
11.775 4.1755e-27
11.8 4.3995e-27
11.825 4.5989e-27
11.85 4.7674e-27
11.875 4.9019e-27
11.9 5.0024e-27
11.925 5.0714e-27
11.95 5.1133e-27
11.975 5.1332e-27
12 5.1363e-27
12.025 5.1275e-27
12.05 5.1114e-27
12.075 5.0919e-27
12.1 5.0724e-27
12.125 5.0559e-27
12.15 5.0451e-27
12.175 5.0429e-27
12.2 5.0523e-27
12.225 5.0771e-27
12.25 5.1233e-27
12.275 5.2009e-27
12.3 5.3315e-27
12.325 5.5681e-27
12.35 6.0605e-27
12.375 6.8796e-27
12.4 5.7653e-27
12.425 5.0662e-27
12.45 5.0201e-27
12.475 5.0836e-27
12.5 5.1634e-27
12.525 5.24e-27
12.55 5.3069e-27
12.575 5.3615e-27
12.6 5.4024e-27
12.625 5.4296e-27
12.65 5.4445e-27
12.675 5.4496e-27
12.7 5.4486e-27
12.725 5.4457e-27
12.75 5.4457e-27
12.775 5.4537e-27
12.8 5.4744e-27
12.825 5.5123e-27
12.85 5.5715e-27
12.875 5.6553e-27
12.9 5.7659e-27
12.925 5.9042e-27
12.95 6.0693e-27
12.975 6.2582e-27
13 6.4655e-27
13.025 6.6838e-27
13.05 6.9043e-27
13.075 7.1181e-27
13.1 7.3182e-27
13.125 7.5011e-27
13.15 7.6691e-27
13.175 7.8318e-27
13.2 8.0083e-27
13.225 8.2314e-27
13.25 8.5521e-27
13.275 9.0306e-27
13.3 9.593e-27
13.325 9.476e-27
13.35 8.0141e-27
13.375 6.7421e-27
13.4 6.1788e-27
13.425 5.9616e-27
13.45 5.881e-27
13.475 5.8603e-27
13.5 5.8734e-27
13.525 5.9121e-27
13.55 5.9752e-27
13.575 6.0646e-27
13.6 6.1836e-27
13.625 6.3366e-27
13.65 6.528e-27
13.675 6.7616e-27
13.7 7.0388e-27
13.725 7.3559e-27
13.75 7.6994e-27
13.775 8.0424e-27
13.8 8.3415e-27
13.825 8.5428e-27
13.85 8.5958e-27
13.875 8.4751e-27
13.9 8.1908e-27
13.925 7.7825e-27
13.95 7.2994e-27
13.975 6.7847e-27
14 6.2786e-27
14.025 5.8593e-27
14.05 5.7889e-27
14.075 6.7505e-27
14.1 8.862e-27
14.125 1.0148e-26
14.15 1.0243e-26
14.175 1.0015e-26
14.2 9.8264e-27
14.225 9.7482e-27
14.25 9.7823e-27
14.275 9.9205e-27
14.3 1.0157e-26
14.325 1.049e-26
14.35 1.0923e-26
14.375 1.1461e-26
14.4 1.2114e-26
14.425 1.2892e-26
14.45 1.3808e-26
14.475 1.4873e-26
14.5 1.6093e-26
14.525 1.7467e-26
14.55 1.8973e-26
14.575 2.0565e-26
14.6 2.2152e-26
14.625 2.3599e-26
14.65 2.473e-26
14.675 2.5356e-26
14.7 2.5333e-26
14.725 2.4613e-26
14.75 2.3267e-26
14.775 2.1465e-26
14.8 1.9417e-26
14.825 1.7311e-26
14.85 1.5286e-26
14.875 1.3425e-26
14.9 1.1764e-26
14.925 1.031e-26
14.95 9.0521e-27
14.975 7.9714e-27
15 7.0474e-27
