8.13108 0
8.14 5.0654e-29
8.21 1.6567e-26
8.28 3.8444e-27
8.35 1.0729e-27
8.42 5.8433e-28
8.49 5.6861e-28
8.56 2.2463e-27
8.63 6.7913e-28
8.7 9.0167e-28
8.77 1.6421e-27
8.84 3.8239e-27
8.91 3.1364e-27
8.98 2.7982e-27
9.05 2.0153e-27
9.12 1.5917e-27
9.19 3.1594e-27
9.26 1.553e-27
9.31811 1.19139e-27
9.33 1.13133e-27
9.4 1.06156e-27
9.45113 2.02862e-27
9.47 2.38557e-27
9.50053 2.25926e-27
9.54 2.09656e-27
9.55121 1.87111e-27
9.61 6.91029e-28
9.68 5.37328e-28
9.75 4.52519e-28
9.82 3.92547e-28
9.89 3.46744e-28
9.96 3.11047e-28
10.03 2.8448e-28
10.1 2.70315e-28
10.17 2.87398e-28
10.24 4.56701e-28
10.2847 1.7226e-27
10.285 1.7311e-27
10.31 2.44275e-27
10.38 4.30325e-27
10.45 1.39801e-27
10.52 9.54571e-28
10.59 8.63225e-28
10.66 9.02382e-28
10.73 1.0413e-27
10.8 1.30111e-27
10.87 1.73591e-27
10.94 2.4145e-27
11.01 3.31035e-27
11.08 4.03777e-27
11.15 4.01405e-27
11.22 3.36641e-27
11.29 2.6614e-27
11.36 2.1554e-27
11.43 1.86781e-27
11.5 1.7841e-27
11.57 1.94741e-27
11.64 2.58109e-27
11.71 4.56794e-27
11.78 8.82523e-27
11.85 3.85268e-27
11.92 1.13791e-27
11.99 5.95181e-28
12.06 6.76219e-28
12.13 1.36601e-27
12.2 3.59188e-27
12.27 8.92496e-27
12.34 1.0018e-26
12.41 6.26238e-27
12.48 4.03574e-27
12.55 2.93961e-27
12.62 2.36259e-27
12.69 2.044e-27
12.76 1.87318e-27
12.83 1.8002e-27
12.9 1.80341e-27
12.97 1.8761e-27
13.04 2.02169e-27
13.11 2.25159e-27
13.18 2.58374e-27
13.25 3.03804e-27
13.32 3.62254e-27
13.39 4.30127e-27
13.46 4.94766e-27
13.53 5.34158e-27
13.6 5.30235e-27
13.67 4.86179e-27
13.724 4.37115e-27
13.74 4.22577e-27
13.81 3.59009e-27
13.88 3.0525e-27
13.95 2.6359e-27
14.02 2.33123e-27
14.09 2.12194e-27
14.16 1.99416e-27
14.23 1.94064e-27
14.3 1.96114e-27
14.37 2.0645e-27
14.44 2.27067e-27
14.51 2.61523e-27
14.58 3.15355e-27
14.65 3.95812e-27
14.72 5.07433e-27
14.79 6.36983e-27
14.86 7.31308e-27
14.93 7.24479e-27
15 6.43232e-27
