1e-11 0
0.78 0
0.7931 4.048e-30
0.85461 1.2622e-29
0.91612 3.6546e-29
0.94073 5.4674e-29
0.96533 8.0622e-29
0.98994 1.1704e-28
1.0022 1.4027e-28
1.0145 1.6797e-28
1.0268 2.0316e-28
1.0391 2.6593e-28
1.0404 2.7787e-28
1.0416 2.9265e-28
1.0428 3.1158e-28
1.0441 3.3691e-28
1.0453 3.7262e-28
1.0465 4.2627e-28
1.0478 5.1374e-28
1.049 6.7273e-28
1.0502 1.01e-27
1.0515 1.9124e-27
1.0521 2.9993e-27
1.0527 5.162e-27
1.0528 5.7815e-27
1.0529 6.4598e-27
1.0531 7.178e-27
1.0532 7.9021e-27
1.0533 8.5795e-27
1.0534 9.1426e-27
1.0535 9.5212e-27
1.0537 9.6602e-27
1.0538 9.5385e-27
1.0539 9.1765e-27
1.0542 7.9639e-27
1.0544 6.5407e-27
1.0547 5.2532e-27
1.0549 4.2153e-27
1.0551 3.4174e-27
1.0554 2.8124e-27
1.0556 2.3528e-27
1.0559 2.0003e-27
1.0561 1.7265e-27
1.0564 1.5109e-27
1.0566 1.3389e-27
1.0569 1.2e-27
1.0571 1.0864e-27
1.0574 9.9249e-28
1.0576 9.1417e-28
1.0588 6.6727e-28
1.0601 5.4464e-28
1.0613 4.7617e-28
1.0625 4.3491e-28
1.0638 4.0877e-28
1.0662 3.804e-28
1.0687 3.6819e-28
1.0711 3.6388e-28
1.0736 3.6392e-28
1.0761 3.6657e-28
1.0822 3.7939e-28
1.0884 3.9672e-28
1.0945 4.1622e-28
1.1007 4.3693e-28
1.1068 4.5832e-28
1.113 4.8006e-28
1.1191 5.0195e-28
1.1253 5.2381e-28
1.1314 5.455e-28
1.1376 5.669e-28
1.1437 5.8791e-28
1.1499 6.0846e-28
1.156 6.2847e-28
1.1622 6.4788e-28
1.1683 6.6665e-28
1.1745 6.8476e-28
1.1769 6.9181e-28
1.1794 6.9879e-28
1.1819 7.0561e-28
1.1843 7.1228e-28
1.1868 7.1893e-28
1.1892 7.2542e-28
1.1917 7.3183e-28
1.1942 7.3808e-28
1.1966 7.4425e-28
1.1991 7.5033e-28
1.2015 7.5625e-28
1.204 7.6209e-28
1.2065 7.6785e-28
1.2089 7.7352e-28
1.2114 7.7905e-28
1.2175 7.9248e-28
1.2237 8.0542e-28
1.2298 8.1774e-28
1.236 8.2957e-28
1.2483 8.5195e-28
1.2606 8.7293e-28
1.2729 8.9287e-28
1.2852 9.1244e-28
1.2975 9.3271e-28
1.3098 9.5805e-28
1.3221 1.0279e-27
1.3283 1.3242e-27
1.3295 1.6071e-27
1.3307 2.4177e-27
1.3313 3.5546e-27
1.3319 6.7313e-27
1.3326 1.9993e-26
1.3332 3.9089e-26
1.3338 1.1859e-26
1.3344 5.492e-27
1.335 4.0862e-27
1.3356 4.5286e-27
1.3362 6.2436e-27
1.3364 6.4275e-27
1.3365 6.429e-27
1.3366 6.24e-27
1.3367 5.8962e-27
1.3369 5.4592e-27
1.3375 3.4264e-27
1.3381 2.4013e-27
1.3387 1.9128e-27
1.3393 1.6498e-27
1.3399 1.4919e-27
1.3406 1.389e-27
1.3467 1.1084e-27
1.3529 1.0674e-27
1.359 1.0589e-27
1.3652 1.0602e-27
1.3713 1.0658e-27
1.3775 1.0736e-27
1.3836 1.0827e-27
1.3959 1.104e-27
1.4082 1.1282e-27
1.4205 1.1549e-27
1.4328 1.1842e-27
1.4451 1.216e-27
1.4574 1.2506e-27
1.4697 1.2882e-27
1.482 1.329e-27
1.4943 1.3733e-27
1.5066 1.4214e-27
1.5189 1.4737e-27
1.5312 1.5303e-27
1.5435 1.5919e-27
1.5558 1.6591e-27
1.5681 1.734e-27
1.5805 2.1778e-27
1.5928 1.8967e-27
1.6051 1.9865e-27
1.6174 2.0869e-27
1.6297 2.1966e-27
1.642 2.3165e-27
1.6543 2.4476e-27
1.6666 2.5919e-27
1.6789 2.7518e-27
1.6912 2.932e-27
1.7035 3.1437e-27
1.7096 3.2707e-27
1.7158 3.4249e-27
1.7219 3.6309e-27
1.7281 3.9301e-27
1.7293 4.0023e-27
1.7305 4.0762e-27
1.7318 4.1495e-27
1.733 4.2183e-27
1.7342 4.2787e-27
1.7355 4.3267e-27
1.7367 4.3595e-27
1.7379 4.3765e-27
1.7391 4.3791e-27
1.7404 4.3705e-27
1.7428 4.3349e-27
1.7453 4.2967e-27
1.7478 4.2701e-27
1.7502 4.2593e-27
1.7527 4.2631e-27
1.7588 4.3213e-27
1.765 4.424e-27
1.7711 4.5533e-27
1.7773 4.7009e-27
1.7896 5.0371e-27
1.8019 5.4203e-27
1.8142 5.8499e-27
1.8265 6.3281e-27
1.8388 6.8586e-27
1.8511 7.4474e-27
1.8634 8.1007e-27
1.8757 8.8258e-27
1.888 9.6312e-27
1.9003 1.0528e-26
1.9249 1.2652e-26
1.9495 1.5361e-26
1.9741 1.8975e-26
1.9987 2.4181e-26
2.0233 3.2477e-26
2.0479 4.4908e-26
2.0725 5.4279e-26
2.0971 4.9093e-26
2.1218 4.0593e-26
2.1464 3.7664e-26
2.1587 3.8922e-26
2.171 4.2513e-26
2.1833 4.9063e-26
2.1956 5.8957e-26
2.2079 7.1156e-26
2.2202 8.2018e-26
2.2263 8.5446e-26
2.2325 8.7072e-26
2.2386 8.6932e-26
2.2448 8.5352e-26
2.2509 8.2782e-26
2.2571 7.9661e-26
2.2632 7.6337e-26
2.2694 7.3074e-26
2.2817 6.7259e-26
2.294 6.2806e-26
2.3063 5.9819e-26
2.3186 5.831e-26
2.3309 5.8337e-26
2.3432 6.0062e-26
2.3555 6.3727e-26
2.3678 6.9445e-26
2.3801 7.6844e-26
2.3924 8.4795e-26
2.3986 8.7938e-26
2.4047 8.9282e-26
2.4109 8.7929e-26
2.417 8.3741e-26
2.4182 8.2616e-26
2.4195 8.1415e-26
2.4207 8.0142e-26
2.4219 7.8818e-26
2.4232 7.7447e-26
2.4244 7.6032e-26
2.4256 7.4594e-26
2.4268 7.3133e-26
2.4281 7.1662e-26
2.4293 7.0182e-26
2.4355 6.2947e-26
2.4416 5.6326e-26
2.4478 5.0579e-26
2.4539 4.572e-26
2.4601 4.1672e-26
2.4662 3.8315e-26
2.4785 3.3207e-26
2.4908 2.9622e-26
2.5031 2.7045e-26
2.5154 2.516e-26
2.5277 2.3791e-26
2.54 2.2887e-26
2.5523 2.2589e-26
2.5646 2.3661e-26
2.5708 2.5606e-26
2.5769 3.0171e-26
2.5831 4.1267e-26
2.5892 6.3403e-26
2.5917 7.0915e-26
2.5942 7.2224e-26
2.5966 6.7163e-26
2.5991 5.9211e-26
2.6015 5.144e-26
2.604 4.5055e-26
2.6077 3.8139e-26
2.6138 3.1393e-26
2.62 2.779e-26
2.6261 2.5714e-26
2.6323 2.4484e-26
2.6384 2.3818e-26
2.6446 2.3662e-26
2.6508 2.4213e-26
2.6569 2.6338e-26
2.6631 3.4221e-26
2.6643 3.7898e-26
2.6655 4.3193e-26
2.6667 5.1001e-26
2.668 6.2607e-26
2.6692 7.9209e-26
2.6704 9.9203e-26
2.6717 1.1282e-25
2.6729 1.0763e-25
2.6741 8.8402e-26
2.6754 6.8838e-26
2.6766 5.4403e-26
2.6778 4.4689e-26
2.679 3.8213e-26
2.6803 3.3808e-26
2.6815 3.0725e-26
2.6827 2.8506e-26
2.684 2.6865e-26
2.6852 2.5624e-26
2.6864 2.4665e-26
2.6877 2.3911e-26
2.6938 2.1822e-26
2.7 2.0989e-26
2.7061 2.0658e-26
2.7123 2.0617e-26
2.7184 2.0818e-26
2.7246 2.1309e-26
2.7307 2.2266e-26
2.7369 2.4161e-26
2.743 2.8446e-26
2.7492 4.0965e-26
2.7504 4.6065e-26
2.7516 5.28e-26
2.7529 6.1592e-26
2.7541 7.2608e-26
2.7553 8.5115e-26
2.7565 9.6125e-26
2.7578 1.0113e-25
2.759 9.7343e-26
2.7602 8.6938e-26
2.7615 7.4582e-26
2.7676 3.945e-26
2.7738 3.2084e-26
2.7799 3.3348e-26
2.7861 4.3053e-26
2.7922 7.9883e-26
2.7935 9.661e-26
2.7947 1.1955e-25
2.7959 1.5009e-25
2.7971 1.8695e-25
2.7984 2.215e-25
2.7996 2.3663e-25
2.8008 2.2146e-25
2.8021 1.8603e-25
2.8033 1.4793e-25
2.8045 1.1639e-25
2.8058 9.2817e-26
2.807 7.5748e-26
2.8082 6.3389e-26
2.8094 5.433e-26
2.8107 4.7572e-26
2.8168 3.0847e-26
2.823 2.4907e-26
2.8291 2.2213e-26
2.8353 2.0799e-26
2.8414 1.9987e-26
2.8476 1.9497e-26
2.8537 1.9196e-26
2.8599 1.9015e-26
2.866 1.8916e-26
2.8722 1.8875e-26
2.8783 1.8879e-26
2.8845 1.8919e-26
2.8906 1.899e-26
2.8968 1.9089e-26
2.9029 1.9213e-26
2.9091 1.9364e-26
2.9152 1.954e-26
2.9214 1.9743e-26
2.9276 1.9977e-26
2.9337 2.0244e-26
2.9399 2.0551e-26
2.946 2.0903e-26
2.9522 2.131e-26
2.9583 2.1783e-26
2.9645 2.2338e-26
2.9706 2.2998e-26
2.9768 2.379e-26
2.9829 2.4755e-26
2.9891 2.5944e-26
2.9952 2.7431e-26
3.0014 2.9306e-26
3.0075 3.1686e-26
3.0137 3.4696e-26
3.0198 3.8427e-26
3.026 4.2844e-26
3.0321 4.7629e-26
3.0383 5.2084e-26
3.0444 5.5268e-26
3.0469 5.6018e-26
3.0493 5.6442e-26
3.0506 5.6534e-26
3.0518 5.6552e-26
3.053 5.6496e-26
3.0543 5.6378e-26
3.0555 5.6196e-26
3.0567 5.5957e-26
3.058 5.5672e-26
3.0592 5.5345e-26
3.0604 5.498e-26
3.0616 5.4588e-26
3.0629 5.4176e-26
3.069 5.192e-26
3.0752 4.9715e-26
3.0813 4.7823e-26
3.0936 4.5221e-26
3.1059 4.4057e-26
3.1182 4.4005e-26
3.1305 4.4821e-26
3.1428 4.6372e-26
3.1551 4.8606e-26
3.1674 5.1518e-26
3.1797 5.5168e-26
3.1921 5.9639e-26
3.2044 6.5047e-26
3.2167 7.1523e-26
3.229 7.9203e-26
3.2413 8.8171e-26
3.2536 9.837e-26
3.2659 1.0943e-25
3.2782 1.2046e-25
3.2905 1.298e-25
3.3028 1.3522e-25
3.3151 1.3463e-25
3.3274 1.2738e-25
3.3397 1.1506e-25
3.352 1.0088e-25
3.3643 8.8665e-26
3.3766 8.3064e-26
3.379 8.3392e-26
3.3815 8.442e-26
3.384 8.6278e-26
3.3864 8.9093e-26
3.3889 9.2958e-26
3.3913 9.7887e-26
3.3938 1.037e-25
3.395 1.0679e-25
3.3963 1.0988e-25
3.3975 1.1282e-25
3.3987 1.1547e-25
3.4 1.1763e-25
3.4012 1.1914e-25
3.4024 1.1984e-25
3.4036 1.1962e-25
3.4049 1.1843e-25
3.4061 1.1631e-25
3.4073 1.1334e-25
3.4086 1.0966e-25
3.4098 1.0544e-25
3.411 1.0086e-25
3.4123 9.6101e-26
3.4135 9.1286e-26
3.4147 8.6536e-26
3.416 8.1936e-26
3.4172 7.7545e-26
3.4184 7.3392e-26
3.4196 6.9496e-26
3.4209 6.5866e-26
3.4221 6.2492e-26
3.4233 5.9366e-26
3.4246 5.6473e-26
3.4258 5.3794e-26
3.4283 4.903e-26
3.4307 4.4937e-26
3.4332 4.1403e-26
3.4356 3.8333e-26
3.4381 3.5646e-26
3.4442 3.021e-26
3.4504 2.6083e-26
3.4565 2.284e-26
3.4627 2.0221e-26
3.475 1.625e-26
3.4873 1.3388e-26
3.4996 1.1244e-26
3.5119 9.5982e-27
3.5242 8.313e-27
3.5365 7.2989e-27
3.5488 6.4948e-27
3.5611 5.8593e-27
3.5734 5.3661e-27
3.5857 5.0051e-27
3.598 4.797e-27
3.6103 4.8947e-27
3.6226 7.4249e-27
3.6349 7.0599e-27
3.6472 4.1378e-27
3.6595 4.5487e-27
3.6718 5.5739e-27
3.6841 4.3814e-27
3.6903 4.0897e-27
3.6964 6.3634e-27
3.7026 2.7588e-26
3.7038 4.4967e-26
3.7051 7.3384e-26
3.7063 9.5758e-26
3.7075 8.1142e-26
3.7087 5.3701e-26
3.71 3.5057e-26
3.7112 2.4285e-26
3.7124 1.7931e-26
3.7137 1.3971e-26
3.7149 1.1363e-26
3.721 5.996e-27
3.7272 4.3913e-27
3.7334 3.6901e-27
3.7395 3.3158e-27
3.7457 3.09e-27
3.758 2.8391e-27
3.7703 2.7082e-27
3.7826 2.6309e-27
3.7949 2.5813e-27
3.8072 2.5478e-27
3.8195 2.5243e-27
3.8318 2.5074e-27
3.8441 2.4954e-27
3.8564 2.4876e-27
3.8687 2.4844e-27
3.881 2.4877e-27
3.8933 2.5009e-27
3.9056 2.5299e-27
3.9179 2.584e-27
3.9302 2.6766e-27
3.9425 2.8262e-27
3.9548 3.0557e-27
3.9671 3.3894e-27
3.9794 3.848e-27
3.9917 4.4429e-27
3.9979 4.7928e-27
4.004 5.1785e-27
4.0102 5.6035e-27
4.0163 6.0726e-27
4.0225 6.5998e-27
4.0286 7.2065e-27
4.0348 7.9343e-27
4.0405 8.778e-27
4.0409 8.8541e-27
4.0471 1.0092e-26
4.0532 1.1884e-26
4.0594 1.4657e-26
4.0655 1.9091e-26
4.068 2.1616e-26
4.0717 2.5403e-26
4.0754 2.8042e-26
4.0778 2.9802e-26
4.0803 2.7635e-26
4.0852 2.33e-26
4.0877 2.1133e-26
4.0901 1.8964e-26
4.0963 1.515e-26
4.1024 1.1334e-26
4.1086 1.0151e-26
4.1147 8.9687e-27
4.127 8.1696e-27
4.1393 7.9022e-27
4.1516 7.8578e-27
4.1639 7.9251e-27
4.1762 8.0604e-27
4.1885 8.246e-27
4.2008 8.4759e-27
4.2131 8.7501e-27
4.2254 9.074e-27
4.2377 9.457e-27
4.25 9.915e-27
4.2623 1.0472e-26
4.2747 1.1165e-26
4.287 1.2054e-26
4.2993 1.324e-26
4.3116 1.4907e-26
4.3239 1.7417e-26
4.33 1.9488e-26
4.3362 2.156e-26
4.3423 2.5443e-26
4.3485 2.9328e-26
4.3546 3.7971e-26
4.3608 4.6618e-26
4.3669 6.367e-26
4.3706 7.9881e-26
4.3731 9.0691e-26
4.3755 1.038e-25
4.3792 1.2347e-25
4.3805 1.284e-25
4.3817 1.319e-25
4.3829 1.3361e-25
4.3841 1.3333e-25
4.3854 1.31e-25
4.3866 1.2679e-25
4.3878 1.2101e-25
4.3891 1.141e-25
4.3903 1.0651e-25
4.3915 9.8667e-26
4.3928 9.0825e-26
4.3952 7.6265e-26
4.3977 6.3847e-26
4.4038 4.2276e-26
4.41 3.0233e-26
4.4161 2.3398e-26
4.4223 1.9364e-26
4.4284 1.6902e-26
4.4346 1.537e-26
4.4407 1.4421e-26
4.4469 1.3855e-26
4.453 1.3546e-26
4.4592 1.3387e-26
4.4616 1.3328e-26
4.4641 1.3232e-26
4.4653 1.3136e-26
4.4666 1.3041e-26
4.469 1.2632e-26
4.4715 1.1793e-26
4.4739 1.0359e-26
4.4764 8.8666e-27
4.4776 8.4954e-27
4.4789 8.47e-27
4.4801 8.7112e-27
4.4813 9.0986e-27
4.4826 9.5358e-27
4.4838 9.9663e-27
4.485 1.0366e-26
4.4863 1.0727e-26
4.4875 1.105e-26
4.4887 1.1339e-26
4.4912 1.1837e-26
4.4936 1.2257e-26
4.4961 1.2625e-26
4.4986 1.2962e-26
4.501 1.328e-26
4.5022 1.3433e-26
4.5035 1.3586e-26
4.5059 1.389e-26
4.5084 1.4194e-26
4.5145 1.4987e-26
4.5207 1.5865e-26
4.5268 1.6878e-26
4.533 1.8089e-26
4.5392 1.9587e-26
4.5428 2.0748e-26
4.5453 2.1522e-26
4.5478 2.2577e-26
4.5502 2.3633e-26
4.5515 2.4161e-26
4.5527 2.4941e-26
4.5539 2.572e-26
4.5551 2.6501e-26
4.5564 2.7281e-26
4.5576 2.8061e-26
4.5588 2.9149e-26
4.5601 3.0237e-26
4.5613 3.1619e-26
4.5625 3.3e-26
4.5638 3.4838e-26
4.565 3.6676e-26
4.5662 3.9289e-26
4.5674 4.1902e-26
4.5699 5.011e-26
4.5711 5.6316e-26
4.5724 6.5016e-26
4.5736 7.7763e-26
4.5748 9.6947e-26
4.5761 1.2453e-25
4.5773 1.5516e-25
4.5785 1.6825e-25
4.5797 1.5432e-25
4.581 1.3282e-25
4.5822 1.1753e-25
4.5847 1.0713e-25
4.5871 1.1165e-25
4.5884 1.1681e-25
4.5896 1.2196e-25
4.5921 1.3074e-25
4.5945 1.3025e-25
4.597 1.1719e-25
4.5994 9.6489e-26
4.6019 7.5701e-26
4.6044 5.8855e-26
4.6068 4.6494e-26
4.6093 3.8649e-26
4.6117 3.3144e-26
4.6142 2.9302e-26
4.6167 2.6633e-26
4.6191 2.4797e-26
4.6253 2.2495e-26
4.6314 2.2064e-26
4.6376 2.2636e-26
4.656 2.4419e-26
4.6806 2.6315e-26
4.7298 3.5342e-26
4.779 3.4695e-26
4.8037 3.3172e-26
4.8187 3.2214e-26
4.8283 3.1835e-26
4.8529 3.304e-26
4.8775 3.5778e-26
4.9021 4.3744e-26
4.9267 6.6483e-26
4.9513 9.6047e-26
4.9759 1.2241e-25
5.0005 1.0955e-25
5.01337 9.69348e-26
5.02 9.31002e-26
5.03 8.57657e-26
5.04 8.27002e-26
5.05 8.2422e-26
5.06 8.4054e-26
5.07 8.7088e-26
5.08 9.1213e-26
5.09 9.6223e-26
5.1 1.0196e-25
5.11 1.0828e-25
5.11931 1.14574e-25
5.12 1.1504e-25
5.13 1.2206e-25
5.14 1.2913e-25
5.15 1.3604e-25
5.16 1.4253e-25
5.17 1.48354e-25
5.18 1.53244e-25
5.19 1.57016e-25
5.2 1.5957e-25
5.21 1.60795e-25
5.22 1.6075e-25
5.23 1.59574e-25
5.24 1.57376e-25
5.25 1.54411e-25
5.26 1.5089e-25
5.27 1.47049e-25
5.28 1.4312e-25
5.29 1.3941e-25
5.3 1.3658e-25
5.31 1.3775e-25
5.32 1.747e-25
5.33 1.8337e-25
5.34 1.45349e-25
5.35 1.36149e-25
5.36 1.3307e-25
5.37 1.3252e-25
5.38 1.3366e-25
5.39 1.36251e-25
5.4 1.4012e-25
5.41 1.4512e-25
5.42 1.5094e-25
5.43 1.5698e-25
5.44 1.624e-25
5.45 1.6624e-25
5.46 1.6769e-25
5.47 1.66459e-25
5.48 1.6284e-25
5.49 1.5764e-25
5.5 1.517e-25
5.51 1.4578e-25
5.52 1.4036e-25
5.53 1.3568e-25
5.54 1.3187e-25
5.55 1.2889e-25
5.56 1.267e-25
5.57 1.2521e-25
5.58 1.24381e-25
5.59 1.2411e-25
5.6 1.24175e-25
5.61 1.24364e-25
5.62 1.24685e-25
5.63 1.25137e-25
5.64 1.25706e-25
5.65 1.26409e-25
5.66 1.27238e-25
5.67 1.28196e-25
5.68 1.2928e-25
5.69 1.30494e-25
5.7 1.31834e-25
5.71 1.33303e-25
5.72 1.34899e-25
5.73 1.36621e-25
5.74 1.38472e-25
5.75 1.40452e-25
5.76 1.42558e-25
5.77 1.44793e-25
5.78 1.47154e-25
5.79 1.49645e-25
5.8 1.52262e-25
5.81 1.55007e-25
5.82 1.5788e-25
5.83 1.6088e-25
5.84 1.69931e-25
5.85 1.77955e-25
5.86 1.88526e-25
5.87 2.0251e-25
5.88 2.20699e-25
5.89 2.43949e-25
5.9 2.74102e-25
5.91 3.15512e-25
5.92 3.59021e-25
5.93 4.00731e-25
5.94 4.36746e-25
5.95 4.63145e-25
5.96 4.76019e-25
5.97 4.70707e-25
5.98 4.51662e-25
5.99 4.22777e-25
6 3.8784e-25
6.01 3.50675e-25
6.02 3.15071e-25
6.03 2.84211e-25
6.04 2.58865e-25
6.05 2.38581e-25
6.06 2.22831e-25
6.07 2.111e-25
6.08 2.02884e-25
6.09 1.97642e-25
6.1 1.94874e-25
6.11 1.94062e-25
6.12 1.94689e-25
6.13 1.96238e-25
6.14 1.98203e-25
6.14856 1.99787e-25
6.15 2.00053e-25
6.16 2.01568e-25
6.17 2.02764e-25
6.18 2.03643e-25
6.19 2.04235e-25
6.2 2.04542e-25
6.4 1.75749e-25
6.41012 1.75113e-25
6.46885 1.71425e-25
6.6 1.6319e-25
6.8 2.049e-25
7 2.55302e-25
7.2 2.78481e-25
7.4 2.8028e-25
7.6 2.7608e-25
7.8 2.73193e-25
8 2.70943e-25
8.2 2.68251e-25
8.4 2.65593e-25
8.6 2.63676e-25
8.70533 2.63141e-25
8.8 2.6266e-25
9 2.6201e-25
9.2 2.6146e-25
9.4 2.61439e-25
9.6 2.6242e-25
9.8 2.6503e-25
10 2.70031e-25
10.2 2.7782e-25
10.4 2.87782e-25
10.6 2.9911e-25
10.8 3.1114e-25
11 3.2336e-25
11.2 3.3539e-25
11.4 3.47141e-25
11.6 3.58609e-25
11.8 3.69782e-25
12 3.80591e-25
12.2 3.90987e-25
12.4 4.00999e-25
12.6 4.10679e-25
12.8 4.20027e-25
12.9628 4.27345e-25
13 4.29018e-25
13.2 4.37506e-25
13.4 4.45802e-25
13.6 4.54399e-25
13.8 4.62644e-25
14 4.68833e-25
14.2 4.71638e-25
14.4 4.73653e-25
14.6 4.77403e-25
14.8 4.83572e-25
15 4.91053e-25
