6.08805 0
6.09 1.9425e-30
6.12 2.2131e-29
6.15 7.8267e-29
6.18 2.1929e-28
6.21 5.4454e-28
6.24 1.2724e-27
6.27 2.8804e-27
6.3 6.2145e-27
6.33 1.1471e-26
6.36 1.5271e-26
6.39 1.4883e-26
6.42 1.2932e-26
6.45 1.1485e-26
6.48 1.1e-26
6.51 1.16e-26
6.54 1.3571e-26
6.57 1.753e-26
6.6 2.4437e-26
6.63 3.5023e-26
6.66 4.7689e-26
6.69 5.6758e-26
6.72 5.7751e-26
6.72454 5.70403e-26
6.75 5.31781e-26
6.78 4.74532e-26
6.81 4.26323e-26
6.84 4.07721e-26
6.8599 4.35261e-26
6.87 4.49238e-26
6.9 5.57666e-26
6.93 4.52615e-26
6.96 3.86186e-26
6.99 3.72752e-26
7.02 3.8269e-26
7.05 4.06868e-26
7.08 4.40607e-26
7.11 4.781e-26
7.14 5.114e-26
7.17 5.3339e-26
7.2 5.4252e-26
7.23 5.4382e-26
7.26 5.4451e-26
7.29 5.498e-26
7.32 5.6156e-26
7.35 5.7901e-26
7.38 5.9985e-26
7.41 6.2119e-26
7.44 6.402e-26
7.47 6.547e-26
7.5 6.6344e-26
7.53 6.661e-26
7.56 6.6313e-26
7.59 6.5542e-26
7.62 6.4408e-26
7.65 6.3021e-26
7.68 6.1475e-26
7.71 5.9851e-26
7.74 5.8207e-26
7.77 5.6591e-26
7.8 5.5038e-26
7.83 5.3577e-26
7.86 5.2234e-26
7.89 5.1041e-26
7.92 5.0037e-26
7.95 4.9286e-26
7.98 4.8892e-26
8 4.8984e-26
8.01 4.903e-26
8.04 4.9996e-26
8.07 5.2266e-26
8.1 5.6474e-26
8.13 6.2952e-26
8.16 7.0411e-26
8.19 7.5417e-26
8.22 7.5871e-26
8.25 7.3431e-26
8.28 7.06391e-26
8.31 6.86974e-26
8.34 6.80314e-26
8.37 6.86965e-26
8.4 7.0682e-26
8.43 7.39656e-26
8.46 7.8515e-26
8.49 8.43295e-26
8.52 9.07726e-26
8.55 9.70302e-26
8.58 1.0262e-25
8.61 1.06908e-25
8.64 1.09492e-25
8.67 1.10394e-25
8.7 1.09892e-25
8.73 1.08464e-25
8.76 1.06606e-25
8.79 1.04764e-25
8.82 1.03287e-25
8.85 1.02481e-25
8.88 1.02615e-25
8.91 1.03973e-25
8.94 1.0689e-25
8.97 1.11806e-25
9 1.19288e-25
9.03 1.24378e-25
9.06 1.31804e-25
9.09 1.4118e-25
9.12 1.51904e-25
9.15 1.62612e-25
9.18 1.71534e-25
9.21 1.77089e-25
9.24 1.78679e-25
9.27 1.76891e-25
9.3 1.72936e-25
9.33 1.68077e-25
9.36 1.63543e-25
9.39 1.61385e-25
9.42 1.66324e-25
9.45 1.73532e-25
9.48 1.70605e-25
9.51 1.65591e-25
9.54 1.60899e-25
9.57 1.57752e-25
9.6 1.55676e-25
9.63 1.54328e-25
9.66 1.53443e-25
9.69 1.52777e-25
9.72 1.52106e-25
9.75 1.51194e-25
9.78 1.498e-25
9.81 2.0885e-25
9.84 1.46669e-25
9.87 1.43268e-25
9.9 1.39435e-25
9.93 1.34998e-25
9.96 1.29912e-25
9.99 1.24118e-25
10.02 1.1714e-25
10.05 1.0925e-25
10.0793 1.01465e-25
10.08 1.01281e-25
10.11 9.59871e-26
10.14 9.94161e-26
10.17 1.14527e-25
10.2 1.30805e-25
10.23 1.39593e-25
10.26 1.42574e-25
10.29 1.42731e-25
10.32 1.41949e-25
10.35 1.41099e-25
10.38 1.40652e-25
10.41 1.40779e-25
10.44 1.41741e-25
10.47 1.44569e-25
10.5 1.4967e-25
10.53 1.5493e-25
10.56 1.55356e-25
10.59 1.4925e-25
10.62 1.4161e-25
10.65 1.35815e-25
10.68 1.32319e-25
10.71 1.30877e-25
10.74 1.31459e-25
10.77 1.34391e-25
10.8 1.40383e-25
10.83 1.50386e-25
10.86 1.65146e-25
10.89 1.8347e-25
10.92 1.99836e-25
10.95 2.05391e-25
10.98 1.96007e-25
11.01 1.76521e-25
11.04 1.54417e-25
11.0475 1.49513e-25
11.07 1.34856e-25
11.1 1.20733e-25
11.13 1.15392e-25
11.16 1.23539e-25
11.19 1.47361e-25
11.22 1.7933e-25
11.25 2.05201e-25
11.28 2.17443e-25
11.31 2.19262e-25
11.34 2.15799e-25
11.37 2.10359e-25
11.4 2.04565e-25
11.43 1.97815e-25
11.46 1.91642e-25
11.49 1.86099e-25
11.52 1.81029e-25
11.55 1.7642e-25
11.58 1.72268e-25
11.61 1.68478e-25
11.64 1.6497e-25
11.67 1.61769e-25
11.7 1.58826e-25
11.73 1.56077e-25
11.76 1.5337e-25
11.79 2.04582e-25
11.82 1.5596e-25
11.85 1.52794e-25
11.88 1.5234e-25
11.91 1.53606e-25
11.94 1.57153e-25
11.97 1.64084e-25
12 1.75064e-25
12.03 1.86401e-25
12.0543 1.87702e-25
12.06 1.88011e-25
12.09 1.76264e-25
12.12 1.60868e-25
12.15 1.48408e-25
12.18 1.3944e-25
12.21 1.33116e-25
12.24 1.28944e-25
12.27 1.2583e-25
12.3 1.23492e-25
12.33 1.21877e-25
12.36 1.21321e-25
12.39 1.23345e-25
12.42 1.34223e-25
12.45 1.55788e-25
12.48 1.36392e-25
12.51 1.22616e-25
12.5172 1.21147e-25
12.54 1.16538e-25
12.57 1.13102e-25
12.6 1.10737e-25
12.63 1.09167e-25
12.66 1.08066e-25
12.69 1.07204e-25
12.72 1.06533e-25
12.75 1.06033e-25
12.78 1.0572e-25
12.81 1.05454e-25
12.84 1.05144e-25
12.87 1.05066e-25
12.9 1.05263e-25
12.93 1.05797e-25
12.96 1.06726e-25
12.99 1.08132e-25
13.02 1.103e-25
13.05 1.13166e-25
13.08 1.16521e-25
13.11 1.20149e-25
13.14 1.23645e-25
13.17 1.26547e-25
13.2 1.285e-25
13.23 1.29126e-25
13.26 1.28885e-25
13.29 1.28128e-25
13.32 1.27217e-25
13.35 1.26483e-25
13.38 1.26171e-25
13.41 1.26521e-25
13.44 1.27858e-25
13.47 1.30988e-25
13.5 1.37428e-25
13.53 1.50323e-25
13.56 1.7404e-25
13.5699 1.82751e-25
13.59 2.00437e-25
13.62 2.00509e-25
13.65 1.83017e-25
13.68 1.69498e-25
13.71 1.62411e-25
13.74 1.59558e-25
13.77 1.59315e-25
13.8 1.60778e-25
13.83 1.6305e-25
13.86 1.66225e-25
13.89 1.70152e-25
13.92 1.74683e-25
13.95 1.79748e-25
13.98 1.85252e-25
14.01 1.9089e-25
14.04 1.96325e-25
14.07 2.01902e-25
14.1 2.07528e-25
14.13 2.13084e-25
14.16 2.18503e-25
14.19 2.23679e-25
14.22 2.28109e-25
14.25 2.31899e-25
14.28 2.35204e-25
14.31 2.37961e-25
14.34 2.40193e-25
14.37 2.41877e-25
14.4 2.43043e-25
14.43 2.43781e-25
14.46 2.44066e-25
14.49 2.43987e-25
14.52 2.43709e-25
14.55 2.43245e-25
14.58 2.42541e-25
14.61 2.41578e-25
14.64 2.40319e-25
14.67 2.38978e-25
14.7 2.37568e-25
14.73 2.3613e-25
14.76 2.3469e-25
14.79 2.33253e-25
14.82 2.31861e-25
14.85 2.30518e-25
14.88 2.29208e-25
14.91 2.27965e-25
14.94 2.26776e-25
14.97 2.25644e-25
15 2.24582e-25
