6.31317 0
6.62139 2.10824e-35
6.8 4.4966e-29
6.9 8.644e-27
7 1.1119e-26
7.1 1.3771e-26
7.2 1.6632e-26
7.3 1.9672e-26
7.4 2.2812e-26
7.5 2.5923e-26
7.6 2.8845e-26
7.7 3.1431e-26
7.8 3.3597e-26
7.9 3.5347e-26
8 3.6781e-26
8.1 3.8044e-26
8.2 3.9308e-26
8.3 4.0722e-26
8.4 4.2391e-26
8.5 4.4366e-26
8.6 4.6636e-26
8.7 4.9134e-26
8.8 5.1733e-26
8.9 5.426e-26
9 5.65122e-26
9.1 5.83554e-26
9.2 5.9587e-26
9.28607 6.00945e-26
9.3 6.0194e-26
9.4 6.02282e-26
9.43278 6.00394e-26
9.5 5.96523e-26
9.6 5.88696e-26
9.7 5.85888e-26
9.8 5.84956e-26
9.9 5.97031e-26
10 6.09345e-26
10.1 6.23232e-26
10.2 6.26628e-26
10.3 6.26752e-26
10.4 6.3111e-26
10.5 6.37168e-26
10.5535 6.44951e-26
10.6 6.51715e-26
10.7 6.66139e-26
10.8 6.86191e-26
10.9 7.0619e-26
11 7.25012e-26
11.1 7.41967e-26
11.2 7.49802e-26
11.2646 7.51567e-26
11.3 7.53896e-26
11.4 7.52537e-26
11.5 7.42311e-26
11.6 7.37743e-26
11.7 7.39485e-26
11.8 7.47224e-26
11.9 7.58556e-26
12 7.67024e-26
12.1 7.63178e-26
12.2 7.56593e-26
12.3 7.48952e-26
12.4 7.4653e-26
12.5 7.44908e-26
12.6 7.46944e-26
12.7 7.49833e-26
12.8 7.55496e-26
12.9 7.63665e-26
13 7.74747e-26
13.1 7.90308e-26
13.2 8.08614e-26
13.3 8.29959e-26
13.4 8.49235e-26
13.5 8.6379e-26
13.6 8.7029e-26
13.7 8.72475e-26
13.8 8.73048e-26
13.9 8.7584e-26
14 8.80874e-26
14.1 8.88781e-26
14.2 8.98601e-26
14.3 9.10352e-26
14.4 9.23274e-26
14.5 9.37286e-26
14.6 9.51992e-26
14.6154 9.54326e-26
14.7 9.70331e-26
14.8 9.89664e-26
14.9 9.98229e-26
15 1.014e-25
