1e-11 0
1 0
1.04 1.1895e-30
1.08 1.9521e-30
1.12 3.1999e-30
1.16 5.2699e-30
1.2 8.7765e-30
1.23824 1.46439e-29
1.24 1.49204e-29
1.28 2.63197e-29
1.32 4.8554e-29
1.36 9.66712e-29
1.4 2.18851e-28
1.44 6.22198e-28
1.48 2.56478e-27
1.52 4.52883e-27
1.56 1.56028e-27
1.6 7.42543e-28
1.64 4.67739e-28
1.68 3.46705e-28
1.72 2.85452e-28
1.76 2.53348e-28
1.8 2.38424e-28
1.82821 2.36327e-28
1.84 2.35582e-28
1.88 2.42713e-28
1.92 2.61343e-28
1.96 2.93929e-28
2 3.45805e-28
2.04 4.25022e-28
2.08 5.51608e-28
2.12 7.78174e-28
2.16 1.67437e-27
2.2 1.34312e-27
2.24 1.37676e-27
2.28 1.36071e-27
2.32 1.16606e-27
2.36 9.44862e-28
2.4 7.80386e-28
2.44 6.81225e-28
2.48 6.3177e-28
2.52 6.3153e-28
2.56 6.736e-28
2.6 7.6278e-28
2.64 9.1293e-28
2.68 1.1497e-27
2.72 1.5124e-27
2.76 2.0417e-27
2.8 2.7236e-27
2.84 3.4439e-27
2.88 4.1868e-27
2.92 5.1845e-27
2.96 6.3059e-27
3 1.3096e-26
3.04 1.1308e-26
3.08 9.18102e-27
3.12 7.7172e-27
3.16 6.9199e-27
3.2 6.6106e-27
3.24 6.6559e-27
3.28 6.978e-27
3.32 7.53149e-27
3.36 8.28704e-27
3.4 9.21177e-27
3.43232 1.0058e-26
3.44 1.02611e-26
3.48 1.13708e-26
3.48271 1.14431e-26
3.52 1.24559e-26
3.56 1.33933e-26
3.6 1.40967e-26
3.64 1.4401e-26
3.68 1.4579e-26
3.72 1.4627e-26
3.76 1.4683e-26
3.8 1.4896e-26
3.84 1.5414e-26
3.88 1.6361e-26
3.92 1.7797e-26
3.96 1.96349e-26
4 2.15589e-26
4.04 2.31349e-26
4.08 2.4181e-26
4.12 2.4985e-26
4.16 2.60751e-26
4.2 2.7867e-26
4.24 3.05072e-26
4.28 3.3804e-26
4.32 3.72166e-26
4.36 4.00059e-26
4.4 4.16511e-26
4.44 4.22252e-26
4.48 4.23036e-26
4.52 4.25374e-26
4.56 4.32873e-26
4.6 4.45059e-26
4.64 4.57856e-26
4.68 4.65609e-26
4.72 4.63847e-26
4.76 4.51751e-26
4.8 4.31495e-26
4.84 4.06846e-26
4.88 3.8133e-26
4.92 3.57387e-26
4.96 3.59997e-26
5 4.88702e-26
5.2 6.40016e-26
5.4 6.77225e-26
5.6 7.03438e-26
5.8 7.21924e-26
6 7.35784e-26
6.2 7.47719e-26
6.4 7.58282e-26
6.6 7.67339e-26
6.8 7.7502e-26
7 7.812e-26
7.2 7.85822e-26
7.4 7.88164e-26
7.42579 7.88079e-26
7.6 7.87503e-26
7.8 7.82941e-26
8 7.73816e-26
8.15505 7.62936e-26
8.2 7.59782e-26
8.4 7.42799e-26
8.6 7.25522e-26
8.8 7.10466e-26
9 7.00084e-26
9.2 6.96241e-26
9.4 6.97565e-26
9.6 7.01876e-26
9.8 7.07102e-26
10 7.11116e-26
10.2 7.11956e-26
10.4 7.08479e-26
10.6 6.99839e-26
10.8 6.85019e-26
11 6.63183e-26
11.2 6.34023e-26
11.4 5.99916e-26
11.6 5.63828e-26
11.8 5.28788e-26
11.8086 5.27456e-26
12 4.97801e-26
12.2 4.73209e-26
12.4 4.54732e-26
12.6 4.41454e-26
12.8 4.32407e-26
13 4.26702e-26
13.2 4.23497e-26
13.4 4.22534e-26
13.6 4.23649e-26
13.8 4.26679e-26
14 4.31502e-26
14.2 4.37851e-26
14.4 4.45154e-26
14.6 4.52747e-26
14.8 4.59953e-26
15 4.66118e-26
