3.02738 0
3.05 4.3e-30
3.069 1.27e-29
3.089 7.7e-30
3.109 3.58e-30
3.132 1.87e-30
3.149 3.61e-30
3.158 1.07e-30
3.167 1.24e-29
3.168 5.5e-30
3.176 1.63e-29
3.181 2.22e-29
3.188 2.69e-29
3.191 3.39e-29
3.198 4.28e-29
3.201 3.27e-29
3.209 1.12e-29
3.21 1.99e-29
3.214 6.8e-30
3.224 6.8e-30
3.228 1.52e-29
3.231 2.33e-29
3.238 3.17e-29
3.241 1.92e-29
3.245 1.26e-29
3.251 1.72e-29
3.255 2.08e-29
3.258 2.34e-29
3.265 2.34e-29
3.269 2.63e-29
3.279 3.73e-29
3.282 4.7e-29
3.288 5.9e-29
3.29 1.06e-28
3.296 1.14e-28
3.301 8.1e-29
3.306 6.2e-29
3.309 4.91e-29
3.314 4.21e-29
3.318 3.61e-29
3.326 3.62e-29
3.329 2.99e-29
3.336 2.77e-29
3.341 2.38e-29
3.346 2.2e-29
3.349 2.04e-29
3.353 2.04e-29
3.358 1.62e-29
3.366 1.15e-29
3.37 2.58e-29
3.377 5.6e-29
3.381 1.12e-28
3.387 8.9e-29
3.388 1.58e-28
3.389 1.21e-28
3.399 6.5e-29
3.404 5.6e-29
3.409 5e-29
3.414 4.63e-29
3.421 5.01e-29
3.424 6.8e-29
3.428 1e-28
3.435 1.59e-28
3.442 2.53e-28
3.447 1.73e-28
3.45 3.73e-28
3.454 6.4e-28
3.459 7.8e-28
3.463 8.7e-28
3.47 9.4e-28
3.476 1.1e-27
3.48 8.1e-28
3.482 3.48e-28
3.487 3.62e-28
3.494 3.62e-28
3.499 3.62e-28
3.506 3.36e-28
3.506 3.77e-28
3.514 2.57e-28
3.519 2.2e-28
3.523 1.97e-28
3.529 1.62e-28
3.532 1.29e-28
3.535 8.4e-29
3.542 7.3e-29
3.549 5.13e-29
3.552 4.4e-29
3.557 4.24e-29
3.562 3.78e-29
3.567 6.5e-29
3.576 1.25e-28
3.58 1.7e-28
3.582 3.8e-29
3.589 4.27e-29
3.596 5.18e-29
3.6 6e-29
3.603 8.2e-29
3.608 1.26e-28
3.615 2.16e-28
3.617 3.57e-28
3.624 8e-28
3.63 2.02e-27
3.635 9e-28
3.638 5.9e-28
3.644 4.18e-28
3.647 2.85e-28
3.654 2.54e-28
3.661 2.18e-28
3.677 2.527e-28
3.681 1.3395e-27
3.687 1.729e-27
3.69 1.273e-27
3.695 1.843e-27
3.708 1.1305e-27
3.712 5.89e-28
3.714 2.8975e-28
3.718 4.712e-28
3.721 1.1305e-27
3.723 1.3205e-27
3.729 1.121e-27
3.747 8.075e-28
3.749 6.935e-28
3.751 4.9875e-28
3.754 4.9875e-28
3.756 8.93e-28
3.759 1.5485e-27
3.764 2.128e-27
3.769 2.508e-27
3.773 2.128e-27
3.776 1.805e-27
3.782 1.3015e-27
3.789 1.2445e-27
3.792 9.405e-28
3.799 7.315e-28
3.801 5.795e-28
3.809 4.9305e-28
3.825 5.795e-28
3.834 6.46e-28
3.838 6.745e-28
3.84 1.292e-27
3.844 1.9e-27
3.846 2.7075e-27
3.851 2.4605e-27
3.861 2.185e-27
3.868 1.767e-27
3.879 1.368e-27
3.881 7.505e-28
3.886 5.6905e-28
3.903 2.071e-27
3.914 1.7575e-27
3.921 1.0735e-27
3.926 4.807e-28
3.931 3.6385e-28
3.938 4.484e-28
3.94 4.788e-28
3.943 4.066e-28
3.955 4.541e-28
3.966 4.7595e-28
3.973 4.0375e-28
3.979 1.254e-27
3.985 9.025e-28
3.99 1.1115e-27
3.995 1.615e-27
4 1.7195e-27
4.007 1.463e-27
4.009 2.6125e-27
4.011 3.2775e-27
4.013 3.857e-27
4.025 3.268e-27
4.028 2.3655e-27
4.031 1.71e-27
4.033 1.4535e-27
4.042 1.235e-27
4.06 1.444e-27
4.07 1.7005e-27
4.075 1.995e-27
4.077 2.337e-27
4.087 3.2205e-27
4.089 4.4555e-27
4.094 5.2345e-27
4.105 5.2155e-27
4.112 4.4365e-27
4.115 4.1515e-27
4.122 3.7715e-27
4.129 3.7525e-27
4.139 3.192e-27
4.146 2.3085e-27
4.151 2.1945e-27
4.164 2.527e-27
4.168 3.173e-27
4.17 5.149e-27
4.172 3.724e-27
4.176 7.125e-27
4.181 8.36e-27
4.189 9.785e-27
4.198 8.265e-27
4.201 6.0135e-27
4.207 4.351e-27
4.212 3.705e-27
4.216 3.135e-27
4.233 3.1255e-27
4.242 3.116e-27
4.252 4.3035e-27
4.268 3.097e-27
4.285 3.0875e-27
4.289 4.066e-27
4.293 4.2655e-27
4.303 4.256e-27
4.313 3.0685e-27
4.32 1.8905e-27
4.325 1.368e-27
4.337 1.3585e-27
4.339 3.0495e-27
4.341 3.952e-27
4.346 4.2085e-27
4.355 4.94e-27
4.365 9.405e-27
4.372 7.98e-27
4.39 6.745e-27
4.396 5.4055e-27
4.4 4.161e-27
4.417 3.952e-27
4.424 3.5245e-27
4.442 3.5055e-27
4.459 3.496e-27
4.469 3.4865e-27
4.476 3.781e-27
4.478 3.4865e-27
4.48 4.5885e-27
4.482 4.0945e-27
4.484 4.8165e-27
4.486 6.65e-27
4.489 9.12e-27
4.494 4.0755e-27
4.504 1.0735e-26
4.511 1.197e-26
4.518 1.0735e-26
4.523 7.695e-27
4.526 6.555e-27
4.529 5.5955e-27
4.554 6.08e-27
4.566 8.55e-27
4.574 1.007e-26
4.575 1.406e-26
4.587 1.9665e-26
4.594 1.9665e-26
4.603 1.3965e-26
4.609 9.975e-27
4.613 1.178e-26
4.626 9.31e-27
4.631 9.975e-27
4.642 7.125e-27
4.652 5.985e-27
4.659 5.605e-27
4.676 5.016e-27
4.682 5.51e-27
4.694 5.89e-27
4.695 8.455e-27
4.697 1.368e-26
4.708 1.4155e-26
4.713 8.265e-27
4.714 1.1495e-26
4.715 1.368e-26
4.73 8.17e-27
4.732 1.3585e-26
4.743 1.6055e-26
4.751 1.8905e-26
4.761 1.8905e-26
4.767 1.4915e-26
4.768 1.596e-26
4.78 1.881e-26
4.786 1.881e-26
4.795 1.3395e-26
4.801 9.595e-27
4.811 8.93e-27
4.818 8.075e-27
4.826 9.5e-27
4.835 8.835e-27
4.847 7.98e-27
4.854 1.121e-26
4.871 9.405e-27
4.882 1.1115e-26
4.89 1.5485e-26
4.901 1.311e-26
4.915 1.102e-26
4.924 1.3015e-26
4.943 1.8145e-26
4.961 2.4035e-26
4.964 2.527e-26
4.978 2.128e-26
4.979 2.5175e-26
4.989 2.1185e-26
4.996 2.508e-26
5.006 2.109e-26
5.007 1.786e-26
5.013 2.109e-26
5.023 1.7765e-26
5.042 1.7765e-26
5.048 1.957e-26
5.064 1.4915e-26
5.074 1.254e-26
5.081 1.254e-26
5.082 1.482e-26
5.099 1.1685e-26
5.104 1.254e-26
5.109 1.6625e-26
5.117 1.7385e-26
5.136 2.1565e-26
5.154 2.8595e-26
5.166 2.6695e-26
5.17 2.033e-26
5.171 2.4035e-26
5.189 2.8405e-26
5.19 3.3535e-26
5.2 3.1825e-26
5.206 2.3845e-26
5.223 2.375e-26
5.24 1.748e-26
5.252 2.793e-26
5.258 1.995e-26
5.259 3.0875e-26
5.275 1.9855e-26
5.285 1.672e-26
5.292 1.5675e-26
5.293 1.976e-26
5.302 2.337e-26
5.307 3.268e-26
5.313 4.5695e-26
5.323 3.8475e-26
5.329 3.249e-26
5.33 3.8475e-26
5.344 1.653e-26
5.346 2.736e-26
5.347 3.2395e-26
5.364 2.546e-26
5.381 2.299e-26
5.387 2.5365e-26
5.398 2.1755e-26
5.416 2.28e-26
5.417 3.5245e-26
5.427 4.446e-26
5.434 3.173e-26
5.435 3.762e-26
5.44 4.218e-26
5.445 3.439e-26
5.452 3.1635e-26
5.469 3.363e-26
5.47 3.5435e-26
5.482 3.7145e-26
5.487 3.705e-26
5.488 4.2465e-26
5.5 3.406e-26
5.6 3.8754e-26
5.8 4.4943e-26
6 5.1065e-26
6.5 6.8935e-26
7 9.754e-26
7.5 1.378e-25
8 1.56e-25
8.5 1.68e-25
9 1.8e-25
9.5 2.1e-25
10 2.8e-25
11 2.6e-25
12 2.4e-25
13 2.6284e-25
14 3.4522e-25
15 4.4129e-25
