1e-11 0
0.2 0
0.26 3.2891e-32
0.28 3.305e-32
0.3 5.0009e-32
0.32 9.0778e-32
0.34 1.7402e-31
0.36 3.5721e-31
0.38 7.2956e-31
0.4 1.5737e-30
0.42 3.4876e-30
0.44 7.9747e-30
0.46 1.9268e-29
0.48 4.7038e-29
0.5 1.0475e-28
0.52 1.6487e-28
0.54 1.7219e-28
0.56 1.5129e-28
0.58 1.3246e-28
0.6 1.3034e-28
0.6145 3.788e-28
0.6171 6.5034e-28
0.62 5.4724e-28
0.64 1.4273e-28
0.66 1.2504e-28
0.68 1.2636e-28
0.7 1.3162e-28
0.72 1.3902e-28
0.74 1.4897e-28
0.76 1.6105e-28
0.78 1.7492e-28
0.8 1.8977e-28
0.82 2.0926e-28
0.84 2.3059e-28
0.86 2.5346e-28
0.88 2.8154e-28
0.9 3.0953e-28
0.92 3.4224e-28
0.94 3.7995e-28
0.96 4.2259e-28
0.98 4.685e-28
1 5.183e-28
1.02 5.7726e-28
1.04 6.5161e-28
1.06 7.1689e-28
1.08 7.9958e-28
1.1 8.9669e-28
1.12 1.0056e-27
1.14 1.1111e-27
1.16 1.2549e-27
1.18 1.4123e-27
1.2 1.5765e-27
1.22 1.7853e-27
1.24 2.0296e-27
1.26 2.3157e-27
1.28 2.627e-27
1.3 3.0263e-27
1.32 3.4635e-27
1.34 3.976e-27
1.36 4.6235e-27
1.38 5.4077e-27
1.4 6.4492e-27
1.42 7.6139e-27
1.44 9.2618e-27
1.46 1.125e-26
1.48 1.3822e-26
1.5 1.7084e-26
1.52 2.0649e-26
1.54 2.4367e-26
1.56 2.7643e-26
1.58 2.9863e-26
1.6 3.1658e-26
1.62 3.3635e-26
1.64 3.6553e-26
1.66 4.0866e-26
1.68 4.6898e-26
1.7 5.5299e-26
1.72 6.558e-26
1.74 7.8e-26
1.76 1.01e-25
1.78 1.36004e-25
1.8 2.02712e-25
1.82 2.25002e-25
1.84 2.62996e-25
1.86 2.85997e-25
1.88 2.99321e-25
1.9 2.96646e-25
1.92 2.66998e-25
1.94 2.41e-25
1.96 2.23621e-25
1.98 2.10726e-25
2 2.01e-25
2.02 1.93347e-25
2.04 1.87349e-25
2.06 1.82806e-25
2.08 1.79474e-25
2.1 1.77116e-25
2.12 1.7544e-25
2.14 1.74173e-25
2.16 1.7303e-25
2.18 1.71733e-25
2.2 1.7e-25
2.22 1.67634e-25
2.24 1.6477e-25
2.26 1.61629e-25
2.28 1.58428e-25
2.3 1.5539e-25
2.32 1.52726e-25
2.34 1.50479e-25
2.36 1.48531e-25
2.38 1.46751e-25
2.4 1.45013e-25
2.40506 1.44551e-25
2.42 1.43188e-25
2.44 1.41148e-25
2.46 1.38919e-25
2.48 1.40131e-25
2.5 1.52013e-25
2.52 1.6005e-25
2.54 1.40153e-25
2.56 1.42022e-25
2.58 1.545e-25
2.6 1.48028e-25
2.62 1.33965e-25
2.64 1.3093e-25
2.66 1.30036e-25
2.68 1.27772e-25
2.7 1.16838e-25
2.72 1.11086e-25
2.74 1.14759e-25
2.76 1.12095e-25
2.78 1.02053e-25
2.8 9.62773e-26
2.82 9.52202e-26
2.82015 9.52288e-26
2.84 9.68525e-26
2.86 9.82446e-26
2.88 9.83626e-26
2.894 9.78278e-26
2.9 9.7521e-26
2.92 9.60622e-26
2.932 9.51521e-26
2.94 9.45586e-26
2.96 9.33258e-26
2.97 9.29574e-26
2.98 9.26048e-26
3 9.24135e-26
3.008 9.25262e-26
3.02 9.27116e-26
3.04 9.34566e-26
3.046 9.3798e-26
3.06 9.46091e-26
3.08 9.61098e-26
3.084 9.64569e-26
3.1 9.78544e-26
3.12 9.97202e-26
3.122 9.99066e-26
3.14 1.01584e-25
3.16 1.03327e-25
3.18 1.0482e-25
3.198 1.05848e-25
3.2 1.05959e-25
3.22 1.06736e-25
3.236 1.07194e-25
3.24 1.07301e-25
3.26 1.07777e-25
3.274 1.08165e-25
3.28 1.08318e-25
3.3 1.09049e-25
3.312 1.09706e-25
3.32 1.10125e-25
3.34 1.11667e-25
3.35 1.12681e-25
3.36 1.13671e-25
3.38 1.15973e-25
3.388 1.16958e-25
3.4 1.18406e-25
3.42 1.20808e-25
3.426 1.21478e-25
3.44 1.23009e-25
3.46 1.24986e-25
3.464 1.25357e-25
3.48 1.26806e-25
3.5 1.28578e-25
3.502 1.2876e-25
3.52 1.3037e-25
3.54 1.32297e-25
3.56 1.34422e-25
3.578 1.36598e-25
3.58 1.36837e-25
3.6 1.39493e-25
3.616 1.41786e-25
3.62 1.42356e-25
3.64 1.4536e-25
3.654 1.47543e-25
3.66 1.48474e-25
3.68 1.51849e-25
3.692 1.54255e-25
3.7 1.55857e-25
3.72 1.60835e-25
3.73 1.63665e-25
3.74 1.66499e-25
3.76 1.71922e-25
3.768 1.73611e-25
3.78 1.76169e-25
3.8 1.78347e-25
3.806 1.78599e-25
3.82 1.79274e-25
3.84 1.81278e-25
3.844 1.82377e-25
3.86 1.87044e-25
3.88 1.98823e-25
3.882 2.00846e-25
3.9 2.19948e-25
3.92 2.53691e-25
3.94 3.06598e-25
3.958 3.62133e-25
3.96 3.6863e-25
3.98 4.08933e-25
3.996 4.07904e-25
4 4.06126e-25
4.02 3.78834e-25
4.034 3.54116e-25
4.04 3.44417e-25
4.06 3.26117e-25
4.072 3.20964e-25
4.08 3.17083e-25
4.1 3.15971e-25
4.11 3.1786e-25
4.12 3.18777e-25
4.14 3.23772e-25
4.148 3.26525e-25
4.16 3.30155e-25
4.18 3.36413e-25
4.186 3.37736e-25
4.2 3.40742e-25
4.22 3.42026e-25
4.224 3.42172e-25
4.24 3.42865e-25
4.26 3.46601e-25
4.262 3.47454e-25
4.28 3.55288e-25
4.3 3.64913e-25
4.32 3.70487e-25
4.338 3.71193e-25
4.34 3.71285e-25
4.36 3.71441e-25
4.376 3.7427e-25
4.38 3.74999e-25
4.4 3.84745e-25
4.414 3.93484e-25
4.42 3.97249e-25
4.44 4.07817e-25
4.452 4.11722e-25
4.46 4.14327e-25
4.48 4.17468e-25
4.49 4.17714e-25
4.5 4.17942e-25
4.52 4.16517e-25
4.528 4.15504e-25
4.54 4.13964e-25
4.56 4.10971e-25
4.566 4.10078e-25
4.58 4.08004e-25
4.6 4.05439e-25
4.604 4.05082e-25
4.62 4.03708e-25
4.64 4.03148e-25
4.642 4.0337e-25
4.66 4.05472e-25
4.68 4.08756e-25
4.7 4.1286e-25
4.718 4.16912e-25
4.72 4.17379e-25
4.74 4.22182e-25
4.756 4.26036e-25
4.76 4.27033e-25
4.78 4.32566e-25
4.794 4.37283e-25
4.8 4.39339e-25
4.82 4.47402e-25
4.832 4.52546e-25
4.84 4.55978e-25
4.86 4.64363e-25
4.87 4.68171e-25
4.88 4.71919e-25
4.9 4.78566e-25
4.908 4.80904e-25
4.92 4.84285e-25
4.94 4.89167e-25
4.946 4.90419e-25
4.96 4.93169e-25
4.98 4.96441e-25
4.984 4.96972e-25
5 4.98896e-25
5.02 5.00786e-25
5.022 5.00939e-25
5.04 5.02089e-25
5.06 5.03204e-25
5.08 5.04112e-25
5.098 5.05145e-25
5.1 5.05239e-25
5.12 5.06609e-25
5.136 5.08208e-25
5.14 5.08574e-25
5.16 5.11237e-25
5.174 5.13756e-25
5.18 5.148e-25
5.2 5.18946e-25
5.212 5.22072e-25
5.22 5.24129e-25
5.24 5.292e-25
5.25 5.31505e-25
5.26 5.33797e-25
5.28 5.37554e-25
5.288 5.38577e-25
5.3 5.40116e-25
5.32 5.41138e-25
5.326 5.40972e-25
5.34 5.40607e-25
5.36 5.38863e-25
5.364 5.38336e-25
5.38 5.36271e-25
5.4 5.33152e-25
5.402 5.32906e-25
5.42 5.30752e-25
5.44 5.28343e-25
5.46 5.26191e-25
5.478 5.24564e-25
5.48 5.24394e-25
5.5 5.23225e-25
5.516 5.22846e-25
5.52 5.22785e-25
5.54 5.23356e-25
5.554 5.24494e-25
5.56 5.25057e-25
5.58 5.28139e-25
5.592 5.30623e-25
5.6 5.32418e-25
5.62 5.39294e-25
5.63 5.43766e-25
5.64 5.48413e-25
5.66 5.73266e-25
5.668 5.79618e-25
5.68 5.89207e-25
5.68964 5.98663e-25
5.7 6.20247e-25
5.706 6.25376e-25
5.72 6.26991e-25
5.74 6.26957e-25
5.744 6.26558e-25
5.76 6.24855e-25
5.78 6.21059e-25
5.782 6.2055e-25
5.8 6.16515e-25
5.82 6.0997e-25
5.84 6.03406e-25
5.858 5.9754e-25
5.86 5.9686e-25
5.88 5.90501e-25
5.896 5.86118e-25
5.9 5.84954e-25
5.92 5.80322e-25
5.934 5.77841e-25
5.94 5.76682e-25
5.96 5.73735e-25
5.972 5.72388e-25
5.98 5.71368e-25
6 5.69344e-25
6.01 5.68555e-25
6.02 5.67614e-25
6.04 5.65872e-25
6.048 5.6515e-25
6.06 5.63971e-25
6.08 5.61794e-25
6.086 5.61098e-25
6.1 5.59449e-25
6.12 5.5706e-25
6.124 5.56596e-25
6.14 5.5482e-25
6.16 5.52796e-25
6.162 5.52624e-25
6.18 5.51309e-25
6.2 5.5024e-25
6.22 5.50108e-25
6.238 5.50531e-25
6.24 5.50614e-25
6.26 5.51957e-25
6.276 5.5338e-25
6.28 5.5376e-25
6.3 5.55964e-25
6.314 5.57671e-25
6.32 5.58361e-25
6.34 5.60785e-25
6.352 5.62246e-25
6.36 5.63062e-25
6.38 5.6504e-25
6.39 5.65929e-25
6.4 5.67094e-25
6.42 5.6773e-25
6.428 5.67922e-25
6.44 5.68142e-25
6.46 5.68422e-25
6.466 5.685e-25
6.48 5.68408e-25
6.5 5.68304e-25
6.504 5.68298e-25
6.52 5.68079e-25
6.54 5.67959e-25
6.542 5.67966e-25
6.56 5.67921e-25
6.58 5.6813e-25
6.6 5.68422e-25
6.618 5.69155e-25
6.62 5.6921e-25
6.64 5.69965e-25
6.656 5.7073e-25
6.66 5.70881e-25
6.68 5.71804e-25
6.694 5.72542e-25
6.7 5.72772e-25
6.72 5.73655e-25
6.732 5.74238e-25
6.74 5.74482e-25
6.76 5.75145e-25
6.77 5.75495e-25
6.78 5.75758e-25
6.8 5.76275e-25
6.808 5.75964e-25
6.82 5.75808e-25
6.84 5.75522e-25
6.846 5.75423e-25
6.86 5.74917e-25
6.88 5.74151e-25
6.884 5.7399e-25
6.9 5.7313e-25
6.92 5.7201e-25
6.922 5.71893e-25
6.94 5.70732e-25
6.96 5.694e-25
6.98 5.68255e-25
6.998 5.6674e-25
7 5.66664e-25
7.02 5.65265e-25
7.036 5.64192e-25
7.04 5.6394e-25
7.06 5.62752e-25
7.074 5.61998e-25
7.08 5.61703e-25
7.1 5.60833e-25
7.112 5.60398e-25
7.12 5.60165e-25
7.14 5.59752e-25
7.15 5.59645e-25
7.16 5.59632e-25
7.18 5.59821e-25
7.188 5.5999e-25
7.2 5.60403e-25
7.22 5.6129e-25
7.226 5.61633e-25
7.24 5.62612e-25
7.26 5.64251e-25
7.264 5.64632e-25
7.28 5.66345e-25
7.3 5.68725e-25
7.302 5.68991e-25
7.32 5.71586e-25
7.34 5.7471e-25
7.36 5.78342e-25
7.378 5.81826e-25
7.38 5.8224e-25
7.4 5.86655e-25
7.416 5.903e-25
7.42 5.91269e-25
7.44 5.96384e-25
7.454 6.00135e-25
7.46 6.01797e-25
7.48 6.07567e-25
7.492 6.1111e-25
7.5 6.13489e-25
7.52 6.19498e-25
7.53 6.22485e-25
7.54 6.25411e-25
7.56 6.31152e-25
7.568 6.33386e-25
7.58 6.36636e-25
7.6 6.41782e-25
7.606 6.42963e-25
7.62 6.45901e-25
7.64 6.49687e-25
7.644 6.5036e-25
7.66 6.52616e-25
7.68 6.55064e-25
7.682 6.55278e-25
7.7 6.56765e-25
7.72 6.5816e-25
7.74 6.5896e-25
7.758 6.59517e-25
7.76 6.59551e-25
7.78 6.59798e-25
7.796 6.5994e-25
7.8 6.59843e-25
7.82 6.59913e-25
7.834 6.59963e-25
7.84 6.59889e-25
7.86 6.59684e-25
7.872 6.59553e-25
7.91 6.58135e-25
7.948 6.56719e-25
7.986 6.55302e-25
8 6.55315e-25
8.02 6.54292e-25
8.024 6.54087e-25
8.04 6.53622e-25
8.06 6.53045e-25
8.062 6.52988e-25
8.08 6.52464e-25
8.1 6.5189e-25
8.12 6.51305e-25
8.138 6.50792e-25
8.14 6.50732e-25
8.16 6.50147e-25
8.176 6.49694e-25
8.18 6.49582e-25
8.2 6.4904e-25
8.214 6.49343e-25
8.22 6.49482e-25
8.24 6.49967e-25
8.252 6.50272e-25
8.26 6.50458e-25
8.28 6.50945e-25
8.29 6.51201e-25
8.3 6.51434e-25
8.32 6.51924e-25
8.328 6.5213e-25
8.34 6.5241e-25
8.36 6.52903e-25
8.366 6.53058e-25
8.38 6.53525e-25
8.4 6.54219e-25
8.404 6.54619e-25
8.42 6.57521e-25
8.44 6.61178e-25
8.442 6.61547e-25
8.46 6.64812e-25
8.48 6.68474e-25
8.5 6.721e-25
8.518 6.75401e-25
8.52 6.7576e-25
8.54 6.79388e-25
8.556 6.82329e-25
8.56 6.83046e-25
8.58 6.86678e-25
8.594 6.89257e-25
8.6 6.90383e-25
8.62 6.94563e-25
8.632 6.97104e-25
8.64 6.98769e-25
8.66 7.02988e-25
8.67 7.05123e-25
8.68 7.0721e-25
8.7 7.11435e-25
8.708 7.13144e-25
8.72 7.15655e-25
8.74 7.19884e-25
8.746 7.21163e-25
8.76 7.24105e-25
8.78 7.28334e-25
8.784 7.29183e-25
8.8 7.32397e-25
8.82 7.35226e-25
8.822 7.35507e-25
8.84 7.37923e-25
8.86 7.40597e-25
8.88 7.433e-25
8.898 7.45687e-25
8.9 7.45963e-25
8.92 7.48668e-25
8.936 7.50777e-25
8.94 7.51331e-25
8.96 7.54032e-25
8.974 7.55867e-25
8.98 7.56616e-25
9 7.59032e-25
9.012 7.59179e-25
9.02 7.59103e-25
9.04 7.58814e-25
9.05 7.58635e-25
9.06 7.58531e-25
9.08 7.58234e-25
9.088 7.58091e-25
9.1 7.57954e-25
9.12 7.57656e-25
9.126 7.57548e-25
9.14 7.57377e-25
9.16 7.57072e-25
9.164 7.57005e-25
9.18 7.56762e-25
9.2 7.56408e-25
9.202 7.56294e-25
9.22 7.54532e-25
9.24 7.52574e-25
9.26 7.50607e-25
9.278 7.48854e-25
9.28 7.48658e-25
9.3 7.46694e-25
9.316 7.45133e-25
9.32 7.44737e-25
9.34 7.42773e-25
9.354 7.41413e-25
9.36 7.40817e-25
9.38 7.38856e-25
9.392 7.37693e-25
9.4 7.36947e-25
9.42 7.3509e-25
9.43 7.34174e-25
9.44 7.3325e-25
9.46 7.31427e-25
9.468 7.30708e-25
9.48 7.29601e-25
9.5 7.2778e-25
9.506 7.27242e-25
9.52 7.25952e-25
9.54 7.24136e-25
9.544 7.23777e-25
9.56 7.22305e-25
9.58 7.20491e-25
9.582 7.20312e-25
9.6 7.18767e-25
9.62 7.17309e-25
9.64 7.15938e-25
9.658 7.14723e-25
9.66 7.14584e-25
9.68 7.13216e-25
9.696 7.12137e-25
9.7 7.11861e-25
9.72 7.10495e-25
9.734 7.09551e-25
9.74 7.09137e-25
9.76 7.07774e-25
9.772 7.06965e-25
9.78 7.0643e-25
9.8 7.05109e-25
9.81 7.04621e-25
9.82 7.04175e-25
9.84 7.03297e-25
9.848 7.0295e-25
9.86 7.02417e-25
9.88 7.0154e-25
9.886 7.0128e-25
9.9 7.00659e-25
9.92 6.99784e-25
9.924 6.9961e-25
9.94 6.98902e-25
9.96 6.98027e-25
9.962 6.9794e-25
9.98 6.97145e-25
10 6.9627e-25
10.2 7.0239e-25
10.4 7.08096e-25
10.5 7.10665e-25
10.6 7.13807e-25
10.8 7.19514e-25
11 7.2474e-25
11.2 7.24405e-25
11.4 7.23657e-25
11.5 7.2306e-25
11.6 7.21483e-25
11.8 7.17887e-25
12 7.1389e-25
12.2 7.11182e-25
12.4 7.08135e-25
12.5 7.06465e-25
12.6 7.06556e-25
12.8 7.06442e-25
13 7.0609e-25
13.2 7.0986e-25
13.4 7.13408e-25
13.5 7.15114e-25
13.6 7.16733e-25
13.8 7.19862e-25
14 7.2293e-25
14.2 7.22166e-25
14.4 7.21367e-25
14.5 7.2094e-25
14.6 7.20919e-25
14.8 7.20799e-25
15 7.20576e-25
